4.346892839874681447e-01 4.332272486342333973e-01
2.900907352457868238e-01 3.175870723574105159e-01
3.757192520722648088e-01 3.210384340087686361e-01
3.025840883416874849e-01 1.826478938001022956e-01
9.814818649338014067e-02 8.538955545877065234e-02
5.801414746669313338e-01 5.409279986487997016e-01
3.275366317684683670e-01 2.083826929329188060e-01
1.293294797484386138e-01 1.827624330528548890e-01
4.371353526802733147e-01 4.001115888075062466e-01
2.895143596060488766e-01 2.329993010928330111e-01
2.241298565631528183e-01 1.398158005104792878e-01
3.804477885237131929e-01 4.077177488884914935e-01
1.874779903985057672e-01 1.357918704192045134e-01
3.462919532010150236e-01 2.721670918433931052e-01
3.076389163796733328e-01 2.494191750588322376e-01
2.965841513844926780e-01 1.370601779178351187e-01
3.314290270732566102e-01 2.508018415088676401e-01
2.529239101915473076e-01 1.611659580405288561e-01
2.852984739483450105e-01 1.523911546098965508e-01
3.466874855203643802e-01 2.781011329944467203e-01
2.871745886654914481e-01 2.549001652682760799e-01
2.595652171935520225e-01 2.245230188522883974e-01
2.399084741675813759e-01 2.774781644837630012e-01
3.199411383423220734e-01 3.134965525869780056e-01
5.830087443323020979e-01 3.328988302280423972e-01
3.847905470952421303e-01 2.879304506188600787e-01
4.780425326068835634e-01 2.094714651933886063e-01
2.620744087255814092e-01 2.435619022097564590e-01
4.235649833784886908e-01 3.308183962045974091e-01
2.270606546804984915e-01 2.445045916634215888e-01
3.286780366559304833e-01 3.340707197334949474e-01
4.356407788473800613e-01 2.864663919049814655e-01
3.369330230813193938e-01 1.909489177432681373e-01
2.630004029797398668e-01 2.703921833115059958e-01
3.783697723100669097e-01 3.289514111227664905e-01
4.377968503096280606e-01 3.109414433983362924e-01
4.335483175983919080e-01 3.692317026438218797e-01
4.420574371928830404e-01 3.519936428915595439e-01
2.535784671728990580e-01 2.502316523379891633e-01
2.927189126230532734e-01 3.020954065505843111e-01
3.779303338241204457e-01 3.042344264882839155e-01
2.933859754262076458e-01 2.367613853443180094e-01
3.261242401719536277e-01 2.470789284866878599e-01
4.203677561096637594e-01 2.625859549139748506e-01
2.428974533060798968e-01 2.548873279380387546e-01
3.773930069312251834e-01 2.750740010720395534e-01
2.667713339886244039e-01 2.180584309873161153e-01
3.387291726131584912e-01 3.076837369924506627e-01
2.948640889001639120e-01 1.765754344443801749e-01
3.642664974105887521e-01 3.702762224856123163e-01
3.599419366282357591e-01 4.070115548518877246e-01
3.183991230883722601e-01 2.372739394244894051e-01
1.874956442830486292e-01 1.372643864064407859e-01
3.767884014230829526e-01 2.759043841240869654e-01
2.284619907191409727e-01 1.684069074143252631e-01
3.380344832484495354e-01 2.907753976705342858e-01
2.059482739456943434e-01 1.734144428663581261e-01
3.171218323560743846e-01 2.876809819696606874e-01
3.802625001703141550e-01 3.228827792587588563e-01
5.746954420811176689e-01 5.851369505885127831e-01
3.107818301050012111e-01 2.445794425303013664e-01
4.490752640323734668e-01 3.427681604144439675e-01
3.839229836039073640e-01 2.489479682290429152e-01
3.254477561919542627e-01 2.675054977772838294e-01
3.576866542462226461e-01 2.511875391372919153e-01
2.980980994761817104e-01 2.151292628275614516e-01
4.191243027968243884e-01 2.981415549762347350e-01
3.137257774739002358e-01 2.926228147750660202e-01
4.023359904644208673e-01 2.864841160984676893e-01
2.752286713468571344e-01 2.776176976160780741e-01
3.207380395799879214e-01 3.123466253239638446e-01
2.745535223983930906e-01 2.151262955232010610e-01
3.229915940501530969e-01 2.947007651940595219e-01
3.349987476254456253e-01 3.763105788069684987e-01
1.244775023854271800e-01 1.163960489767445067e-01
3.196811269566189329e-01 2.750326293574307801e-01
2.754580200434740833e-01 2.981974476959069476e-01
2.333560818105179790e-01 2.078600354799901850e-01
2.455772623098215757e-01 2.014226415882524046e-01
3.696215520426031076e-01 2.918379037095191197e-01
2.873077923047946403e-01 2.337659793072511816e-01
1.819531197322193650e-01 1.305115199027271633e-01
3.435530257277951138e-01 2.278466665600817898e-01
3.486480260857356961e-01 1.962022637927809676e-01
3.702477456525367083e-01 3.113852128435509736e-01
3.926882888567856389e-01 3.423755562081530202e-01
2.882660531726752851e-01 2.567020497767190101e-01
3.629489897045948821e-01 2.035737228290422640e-01
4.004274435283203815e-01 2.190348871513443374e-01
3.167360882400993005e-01 2.506788423554845990e-01
3.560919275280744478e-01 2.536442522850345105e-01
3.394955477094451224e-01 2.821261065230862286e-01
3.790727626373701642e-01 3.082837674205170519e-01
4.649865395308799276e-01 4.666352192195324378e-01
1.957664064320698283e-01 1.712018744502279421e-01
2.020406761507319293e-01 2.508986492836028370e-01
3.098717699980462759e-01 2.362838550411717475e-01
3.576831387869689460e-01 2.399585010895964876e-01
2.747711961981346152e-01 1.925213095073285696e-01
2.346841459814609232e-01 1.270770595130117919e-01
1.826921614748936995e-01 1.409371683272940545e-01
3.196139795624662883e-01 2.720749719136673073e-01
2.349409007661396598e-01 2.397525181883703171e-01
2.895490609089624856e-01 3.145393788698501170e-01
4.374639484229923547e-01 3.351039563522658637e-01
2.864888294307912364e-01 2.829156634153917049e-01
4.952424350572949274e-01 3.795760395036504309e-01
1.656804317767087975e-01 1.240442921947483568e-01
2.438612041667723718e-01 2.038207946898044354e-01
3.250402303710007712e-01 3.275120876668043968e-01
2.846740691806031176e-01 1.590886053147670953e-01
4.219077808259943385e-01 2.843258643542635467e-01
5.664927273180583311e-01 3.445194210494566533e-01
2.778371536031190581e-01 2.762203903132569027e-01
2.589678414629044134e-01 2.318885056533956379e-01
4.548102561511933040e-01 4.051540183021472563e-01
2.655922685294184737e-01 3.434770750184009125e-01
1.623533186730777289e-01 1.288725632039514901e-01
4.053606267118115558e-01 4.278115408978434564e-01
4.119076169617965633e-01 3.729425834698806841e-01
4.350340105953143799e-01 3.137537941261145380e-01
2.804552151436330298e-01 2.915573611299367429e-01
2.857299056190057973e-01 2.972831104373593325e-01
1.873687949650100493e-01 1.408545653954122456e-01
6.388259353313820998e-01 4.222492640319306934e-01
4.243928797555257537e-01 3.874962196644710644e-01
4.147849837904094006e-01 3.275274412556138937e-01
3.482168009197683656e-01 2.827356251790332231e-01
4.592684985258460584e-01 3.561135772661883081e-01
2.982711518676676721e-01 3.002985799963454605e-01
4.556674164649062164e-01 3.351039289243428199e-01
3.804043111826903023e-01 3.525228941060922216e-01
4.320340653947503107e-01 3.966856331840900030e-01
3.439985187144535828e-01 2.942710402878902509e-01
3.786537544528810195e-01 3.206993151041912515e-01
4.733616246112652970e-01 2.999893395536293861e-01
3.841707294886669288e-01 2.384635910402146952e-01
3.369909586912155919e-01 3.085329365761603770e-01
4.441783039993540960e-01 2.740247374449295559e-01
2.474950357562322734e-01 2.065361330668401274e-01
2.040987726280047709e-01 1.402055679498883378e-01
3.391746323051647583e-01 1.894003469124583561e-01
1.135118995697822486e-01 8.327068386290824298e-02
3.695317613377332444e-01 2.954600914214013940e-01
3.197564034797990562e-01 2.673422000924161601e-01
4.400876942437831341e-01 3.399919261586853980e-01
3.219764352705126176e-01 2.122677986096712099e-01
1.983286202695026534e-01 1.315783003725083944e-01
4.056925199724548681e-01 3.321909729741178152e-01
3.572071730022689517e-01 2.767627944904439419e-01
2.717346602183214332e-01 2.180180310682458544e-01
4.962989508311153042e-01 3.173335825266488941e-01
3.934741574880196713e-01 2.846644433053653334e-01
4.420619165632919123e-01 3.927595324090696338e-01
3.135719632603641838e-01 2.171503773405943916e-01
2.523039193243493683e-01 2.474886334991144021e-01
3.752274626068822783e-01 2.208754567460790297e-01
2.132326074730043486e-01 2.237011294492315117e-01
3.725118466225898484e-01 3.119466089759562744e-01
4.144770407292696079e-01 2.820091146269014248e-01
3.949589459601066666e-01 2.855497820277759780e-01
3.874185245896018537e-01 3.712674047156813706e-01
4.509072028838833068e-01 4.025074978938847359e-01
1.697368613385502600e-01 1.816699682128034843e-01
3.676056325449076345e-01 3.799351096099432001e-01
3.668436424819527808e-01 3.205818823978819898e-01
1.784400234975743460e-01 1.101017677830646302e-01
6.015641391392937409e-01 4.716036048664019042e-01
3.258088273789951361e-01 2.404452060766201771e-01
4.643774767527967251e-01 3.783369748767185792e-01
2.608578698820124830e-01 1.955066431917670544e-01
1.244371105307080227e-01 1.088470837925264029e-01
2.214713113393931287e-01 1.265548960153864144e-01
7.402392583294489237e-01 4.220735965611919771e-01
2.772661606737339968e-01 2.145106352976091368e-01
2.659483870832315966e-01 1.650732069403593461e-01
3.220089200136672658e-01 2.290178233725677914e-01
2.894206112656192431e-01 1.948110517447622925e-01
3.334609995225213397e-01 1.830919083969648198e-01
4.563353687403184367e-01 3.110115238903372603e-01
2.341840448544826037e-01 1.781277029120852951e-01
3.221465024242418651e-01 2.130117255583587055e-01
6.013710533550566950e-01 3.815667385893006247e-01
3.928075490765141065e-01 2.626581371607333848e-01
2.593280717807665559e-01 1.998528299462746516e-01
2.625316355032878413e-01 1.388541834051561508e-01
3.541883555086504098e-01 2.068376103075757755e-01
3.791073109142515385e-01 2.198189497838085593e-01
3.286348495151543703e-01 1.712714019781626518e-01
2.340204283052442491e-01 1.895867654494307608e-01
2.022121387074214682e-01 1.965465856833943648e-01
4.622893065952543568e-01 2.641008199919638866e-01
3.411105089574438254e-01 2.298973635738773280e-01
2.723293559258294083e-01 1.769297367954813516e-01
2.391013015269068953e-01 1.670467756342974841e-01
3.221339477216644265e-01 3.437837467972360006e-01
4.114100221031654625e-01 2.313835552300292364e-01
3.386635655608724038e-01 4.477893295649504335e-01
7.424812305770036591e-01 3.867966402118256375e-01
2.321164363261481456e-01 1.571031951680459116e-01
4.475821553262377406e-01 3.548145245119301849e-01
2.794302440306685731e-01 1.282855743639656210e-01
1.978032852261764896e-01 1.314421719143551437e-01
2.980607508569604880e-01 1.906590449149336564e-01
3.048924380103534282e-01 2.704239646070214498e-01
2.727576674024923542e-01 2.104582139850854627e-01
4.122057504498997105e-01 2.824564618110384506e-01
3.663001004624515389e-01 1.983427090312981089e-01
2.864868985763371900e-01 2.301039204505991864e-01
2.278535835798105313e-01 1.941650782194398461e-01
1.976366547485877423e-01 2.211999536833277602e-01
2.670948364801095098e-01 1.619516985787103625e-01
2.833346538701285167e-01 2.681263887202905427e-01
5.383487705995649852e-01 3.283457182833632859e-01
3.255474126511827548e-01 1.668607794763954932e-01
1.806817513304259937e-01 1.344320177187847132e-01
1.095244187502083105e-01 1.105756336991580158e-01
3.691915557841406459e-01 2.510440797085654596e-01
4.757565374390285151e-01 4.476351607171676350e-01
4.902335376471173012e-01 3.443136392210122132e-01
1.637603370655873747e-01 1.117169592972147019e-01
5.174663630709747109e-01 4.377159881065521563e-01
2.445943829181702056e-01 1.203447972670047550e-01
2.262494826467612574e-01 2.090972829614254624e-01
2.354137000897987275e-01 1.484386409540701390e-01
1.752794617644565789e-01 1.239266257876836114e-01
3.170244860430332934e-01 2.599369789013316612e-01
2.233768165773853676e-01 1.335520419687495908e-01
4.521800642177087326e-01 4.292096676043369863e-01
2.248584011236126889e-01 2.120472919240132814e-01
1.509543092148745713e-01 1.067253540355308367e-01
5.846690373382075201e-01 3.472621385686731066e-01
3.228607145249781096e-01 2.498142881966153583e-01
3.979205517368747391e-01 3.614727268519141168e-01
3.315633755270240290e-01 1.820115323659812767e-01
4.622243742525682930e-01 3.315375307943407290e-01
8.792643141510173566e-01 4.983345840363643253e-01
6.200554970616898309e-01 5.251681819865124945e-01
4.924666180484264522e-01 3.326273185481953831e-01
5.267781944151519458e-01 4.796857828436771332e-01
5.290160672195737268e-01 4.061357490980415652e-01
6.085619006381403073e-01 4.792675416093595819e-01
2.389206718517046246e-01 1.652625856867856735e-01
4.687075526262852176e-01 4.282681461561427261e-01
5.000288886094272911e-01 4.581650724929559604e-01
2.943597673979274632e-01 2.976120661929549382e-01
2.452857371972000655e-01 2.710871100264533595e-01
4.725773085471893231e-01 3.755618291531080399e-01
5.957528766089487116e-01 4.399090115574148530e-01
2.525280915362575485e-01 1.932640884556105221e-01
4.859122248560446278e-01 3.691706329177443791e-01
4.733306837634430608e-01 3.735088271151103534e-01
2.308557083836474122e-01 2.580672695529674932e-01
2.640602650346184910e-01 1.829441676146330853e-01
4.578079160028462047e-01 4.302251106668905090e-01
3.478664648667033621e-01 3.519212770895283060e-01
4.407237196909451482e-01 3.358136540820886307e-01
3.246308602145756561e-01 2.466163805350441163e-01
3.661053912768985619e-01 1.900171763691560212e-01
4.572120100419747035e-01 3.677074773068528257e-01
4.964410404912005803e-01 4.091447629214116644e-01
4.066996944907265710e-01 2.779772250256529742e-01
4.925999469240247008e-01 3.100240592151862762e-01
3.003289160500244304e-01 2.963821034448688718e-01
3.249597751157605741e-01 2.553454722093501661e-01
1.909037795097456025e-01 2.443036895975025935e-01
3.234907453218960338e-01 2.521390487809376246e-01
3.036790617698997274e-01 1.820431447275915604e-01
3.543808895244598967e-01 3.241289764302806575e-01
5.221966304670708769e-01 5.183699525119757068e-01
2.283558338197344550e-01 2.382093072875010320e-01
3.103279018941673129e-01 2.715644462443744245e-01
4.551966504927928425e-01 3.786538716185618991e-01
4.061273848462440550e-01 3.154636897078399449e-01
8.971900588670994603e-01 3.355999481340340429e-01
4.130612601915240045e-01 2.631349748828004098e-01
2.508811397829414647e-01 1.872360211146303077e-01
1.965000385978698250e-01 1.672874319475380345e-01
1.950451902704373464e-01 1.533706197830841111e-01
1.975631399259712428e-01 1.456839809585208922e-01
3.583355789596672780e-01 2.153609807558585498e-01
3.021097146003833278e-01 2.359977691547616163e-01
3.203859815575808567e-01 2.396409590112678623e-01
3.041891501977499468e-01 1.954594769645347507e-01
3.526539537108325240e-01 3.018709344094291369e-01
1.996713361387190411e-01 1.591727367887762479e-01
2.292671818962283559e-01 1.904140757521666227e-01
2.366312953427242849e-01 2.299629394328562004e-01
3.515995356373921576e-01 3.387780696774119749e-01
3.123901298164937224e-01 2.982156526584662237e-01
3.242630204561159357e-01 2.287376924144980672e-01
3.362416728551810841e-01 2.862522174301215250e-01
3.042279622362525360e-01 2.274140026355663535e-01
2.717655631182956943e-01 2.459072606002837280e-01
2.270117915340099102e-01 1.851596485880708520e-01
2.002978640614343220e-01 1.269544594197951626e-01
3.505926983543728448e-01 2.161146872601739932e-01
1.496788961265379247e-01 1.077131330826924804e-01
3.839737658109965701e-01 3.430202212334925727e-01
3.947721401137566088e-01 2.026324667264614299e-01
4.794426085488296407e-01 3.301739250169986040e-01
4.472156432666396508e-01 2.189875859471313302e-01
4.772409384010777855e-01 2.607598219967728337e-01
3.586649487868627251e-01 2.631585927330827857e-01
2.329832050684055300e-01 2.011016733497023590e-01
3.288949500487182709e-01 3.140291011876016891e-01
3.173310769307574053e-01 3.019778713497687783e-01
2.893837099449926287e-01 2.681355224294162953e-01
2.411710134428755592e-01 1.585584935548456087e-01
3.468320870816347656e-01 2.761071822537231601e-01
5.079155825616655795e-01 2.867779386621550075e-01
2.995002125646993307e-01 2.179063269081728815e-01
3.424676995251278999e-01 3.090278033087437426e-01
2.483762590944643411e-01 2.268000099355658161e-01
3.536116743350397607e-01 2.356225019470079840e-01
4.349372911025664590e-01 2.648584610292555874e-01
2.274921310349596326e-01 1.843145969477884283e-01
2.357049250641718441e-01 1.739575341524192131e-01
2.002798198844069344e-01 1.465314034957757861e-01
2.262738253692511137e-01 1.170516283958840942e-01
