4.218048650593832494e-01 4.383177218189361346e-01
3.156156443754223329e-01 2.886370476756712211e-01
3.926390863214533344e-01 3.250642513945831147e-01
3.022801739413635835e-01 2.573499961111099799e-01
8.535920863587052876e-02 1.077483952849454529e-01
5.851086252856777525e-01 4.160343766791909093e-01
2.654912448566761896e-01 2.031696824550762726e-01
1.293248017581795917e-01 1.811157058407744380e-01
3.982607938593932251e-01 4.364687312734725211e-01
2.328678171739014813e-01 2.777066653362094129e-01
2.238795621266370939e-01 1.396910769942738550e-01
4.177572999359436268e-01 3.809332087798950051e-01
1.895474270089896884e-01 1.880509220497036393e-01
3.522027429449219871e-01 2.765034840889357692e-01
3.138292466842261264e-01 2.473056022700482748e-01
2.902277860186883163e-01 2.177959460489443944e-01
3.221313104215744461e-01 2.491342403153549157e-01
2.369869620729706527e-01 1.846790656213959658e-01
2.864739661302412310e-01 1.486276505672652626e-01
3.447814429037501238e-01 2.807279746608014048e-01
2.885883324477898637e-01 2.718409399796881676e-01
2.545750811038429706e-01 2.263546282881139515e-01
2.569882082694230352e-01 2.427378555744878763e-01
3.212438605290686144e-01 3.397500141295673459e-01
6.152119824231627732e-01 3.880573698201148503e-01
3.945254045886615879e-01 2.768076028794311250e-01
4.820434396066929916e-01 1.962281782576476008e-01
2.801012501791073084e-01 1.958540477331247309e-01
4.186221228492246205e-01 3.291428443190263509e-01
2.220997317210138544e-01 2.425554546272860323e-01
3.246075162978910855e-01 2.986470722742295969e-01
4.380161902894084691e-01 3.109771017248040836e-01
3.388464134879188849e-01 1.942186796163559437e-01
2.648646449717700357e-01 2.693386072036744183e-01
3.809582427690704765e-01 3.291873541185800778e-01
4.501074290878993578e-01 3.116178227244223997e-01
4.361998019046783304e-01 3.794614144453773985e-01
4.639696139643761930e-01 3.564497796178736633e-01
2.579423250031234183e-01 2.314075119250609547e-01
3.142101747328135963e-01 2.914794452423316029e-01
3.811566856175414575e-01 3.416779056145177740e-01
2.472413700628622313e-01 2.332007104467058445e-01
3.256627176219941688e-01 3.034220904181160194e-01
4.168849784344443865e-01 2.617145702295489706e-01
2.372663416983063767e-01 2.364291259201748152e-01
3.704065294257690710e-01 2.875039971710067754e-01
2.667879740010297707e-01 2.084317134154537177e-01
3.380910867089220173e-01 2.442148363005145206e-01
3.087660074189670367e-01 1.765101187910005087e-01
3.858600263225187010e-01 3.578262221703500390e-01
4.074184647418520600e-01 3.591050366651037939e-01
3.563688682977815825e-01 3.340375964431909206e-01
1.860351554559919462e-01 1.713526237769924798e-01
3.830674087040343845e-01 2.651481192744341575e-01
2.115303617572803496e-01 1.844250278901777285e-01
3.383192245440452273e-01 2.909244364607397881e-01
2.092971484901726964e-01 1.850573581042745386e-01
3.637536040828547867e-01 2.868999484341356876e-01
3.807881825494086603e-01 3.271397649739916647e-01
5.605702672080121740e-01 5.939534789832857653e-01
3.090516003163010228e-01 2.726190576483322747e-01
4.557943337736015676e-01 3.220680764448253797e-01
4.000958949625084138e-01 3.501648823503951680e-01
3.252423694022563150e-01 3.260459555000593257e-01
3.570910116428585024e-01 2.473057331930078040e-01
3.027763472716434312e-01 2.455403067544443541e-01
3.037988537218792584e-01 4.173896245424659202e-01
3.277192135887224689e-01 3.043441024076080081e-01
3.969544804246335490e-01 3.106420075271434933e-01
2.770479544236901237e-01 2.785687697283920627e-01
3.183779392625541993e-01 2.962580294879986198e-01
2.830218845401160088e-01 1.412667156805086921e-01
3.223557846672786553e-01 2.834486680778769974e-01
3.791369195764104361e-01 3.135749868656591555e-01
1.263351980602613334e-01 1.182381977065809081e-01
3.035332164040949743e-01 2.927259371593896597e-01
2.400522487201524335e-01 2.096724127039236996e-01
3.563233036678064569e-01 2.857197437578103960e-01
1.888026901170099525e-01 1.321920368353260433e-01
3.465050749390144458e-01 2.286567910784041702e-01
