4.341692965597868104e-01 3.332751456522752287e-01 2.434868823843693575e-01 1.383356116032505578e-01 8.339267708293432446e-02 5.138399056741976834e-02 8.116035108000937970e-02 3.416583411983219881e-02
2.794023740170875625e-01 2.159137209722845341e-01 1.898675082218641286e-01 9.315358511222646132e-02 8.870178561064144540e-02 3.315226467358398793e-02 3.261174868883550543e-02 2.185479139694046502e-02
3.926207638394024202e-01 3.246548453252218192e-01 2.918976566677928819e-01 1.435429337944952310e-01 9.923630841473216058e-02 7.284406202862507562e-02 5.626193271229870674e-02 4.512827637125840785e-02
3.036925892227956281e-01 2.589058543456072559e-01 1.560738185190974070e-01 1.412338094207237493e-01 7.082694540504320957e-02 6.983201753695389424e-02 5.955620514556973083e-02 2.046973050107976644e-02
1.012288715012286539e-01 8.655546061851102091e-02 7.111179989770467780e-02 6.007523444703781468e-02 4.540798576133605463e-02 1.750793418713141383e-02 1.472334611044213634e-02 5.533516616588515097e-03
5.927072033447818855e-01 5.483116245153649704e-01 1.363754731334529680e-01 1.270886511278664643e-01 9.017662087653641190e-02 7.864769089889117604e-02 5.286510482088413454e-02 5.945819575440944305e-02
3.209323987020097357e-01 2.287574195290114909e-01 1.409349809352422600e-01 1.190657612451928166e-01 7.015585260513579335e-02 4.447216216682500084e-02 3.838437450652015803e-02 3.136873540066565519e-02
1.830215153462126376e-01 1.322380066221593153e-01 8.918231754808091105e-02 8.080548742871877799e-02 5.283818550711001649e-02 3.025235423026172848e-02 2.003671367245701482e-02 9.658519617027398751e-03
4.064508774008618319e-01 4.342209615045110049e-01 1.272603463429150816e-01 1.239317783848174759e-01 3.703908131915545354e-02 3.869816509813705369e-02 3.910984537434551017e-02 1.571025818910554150e-02
2.650382499212001752e-01 2.288623047116842280e-01 1.700654121012561137e-01 1.393804264514095781e-01 8.147612081027409692e-02 5.199416996431201893e-02 5.530545951476599498e-02 3.442205929683497118e-02
2.187512342936643039e-01 1.799722960890638435e-01 1.389915906305748683e-01 6.803642523588708524e-02 4.822737809644955104e-02 3.156908673343492705e-02 1.882367361764985050e-02 2.117578776550631606e-02
4.211151275756982448e-01 3.784169510046118678e-01 1.541099107274264968e-01 1.160424361343407734e-01 1.008117442724021928e-01 4.667863172195717281e-02 2.575484393781891923e-02 2.686495607315464787e-02
1.803087902447459145e-01 1.900156600857117184e-01 1.081910716695096836e-01 5.901889814149258173e-02 5.804479539297313639e-02 3.169038883636835641e-02 2.081170309570774118e-02 1.697658376244554415e-02
3.519711990674505020e-01 2.713988337648458593e-01 1.528991570094672126e-01 1.122214246319322983e-01 8.580831990699699929e-02 5.906020222122931179e-02 4.048567802980672370e-02 4.148142605150409445e-02
3.160168240609517731e-01 2.472044922122874078e-01 1.724871530514923423e-01 1.744988964396623765e-01 9.558074856928319707e-02 6.054271256444364313e-02 5.093915549635931461e-02 2.856457200915504813e-02
2.993488897959462602e-01 2.195754711549953997e-01 1.426489223245475391e-01 7.956673498816481394e-02 7.175287708256461450e-02 5.489259527930729493e-02 3.784093744386052977e-02 3.973178216367395654e-02
3.356817117252011706e-01 2.489039182120156291e-01 2.132342190649055835e-01 5.301327508910199521e-02 4.746267207887257256e-02 4.305674771574714843e-02 2.415678246368773915e-02 1.516160855612468973e-02
2.587404390918804364e-01 1.715883368919613738e-01 1.833949006903901890e-01 1.234424898109246632e-01 1.093195276111371683e-01 7.901358468501409882e-02 5.357455806078163102e-02 4.271103935628315501e-02
2.869037194343668773e-01 1.484179153931117212e-01 1.514037335365296111e-01 8.076579246535971202e-02 6.252492899687862871e-02 6.722655340822468462e-02 4.291780542501438811e-02 3.276458415551547487e-02
3.421624352582413597e-01 2.807922542851624681e-01 1.609603039113845224e-01 1.332247499716449624e-01 8.332376842854656573e-02 8.429958093896650073e-02 4.916983057831312426e-02 3.930250694612573426e-02
2.858304118997382348e-01 2.713668978148192079e-01 1.032787463592857724e-01 1.212983911223200900e-01 1.016115774932370430e-01 9.960611032898065986e-02 5.807600754142873412e-02 3.675163843908729050e-02
2.518806057604070503e-01 2.247918874038897785e-01 1.632198574558040849e-01 8.292530011976434468e-02 5.863723940590988282e-02 2.134113337905040389e-02 3.081044966553415573e-02 1.225341247639703118e-02
2.758880334792512823e-01 2.407428672264480818e-01 1.668655307439302071e-01 1.679347850930747177e-01 1.013539728588726957e-01 9.007244180556235602e-02 4.352730591842724622e-02 3.508107638882726476e-02
3.274928755096369604e-01 3.160573915586186722e-01 2.193718537190469109e-01 1.237155987972432813e-01 6.862222247105814743e-02 7.088404864913740167e-02 3.064894900705760275e-02 2.385621426632197201e-02
6.195719938245415337e-01 3.556339236815356242e-01 1.692584974826385202e-01 1.934047463507256592e-01 1.350318199344657244e-01 1.235621737864153469e-01 4.855174873054063367e-02 4.074740695209973923e-02
3.859623230381701298e-01 2.852885284392226439e-01 1.575872944707779888e-01 1.178448878976925546e-01 9.859764039858204265e-02 5.025655612412915918e-02 6.145147294936566251e-02 2.195425090088167289e-02
4.867970405337687101e-01 2.001650900249066500e-01 1.350489177823266940e-01 8.569289679752195577e-02 9.773232718479177294e-02 6.819920935597820200e-02 5.112359943640583382e-02 3.076022445238823372e-02
2.553531038638650053e-01 1.948564527831247173e-01 1.484220698722972243e-01 1.485581726890496945e-01 7.350972539412248263e-02 4.498717117033536328e-02 2.261012425912926199e-02 1.673227944521650523e-02
3.916889977417721269e-01 3.313276402495705097e-01 1.942050917823169576e-01 1.126086591781817470e-01 1.060939440236358944e-01 6.532510247788524127e-02 5.917536871601468407e-02 3.679703365764692286e-02
2.233977961954500824e-01 2.129201899984370094e-01 1.172752895482636060e-01 8.682029911581221060e-02 5.812297740142408770e-02 5.300321031935266436e-02 2.605782613255740524e-02 2.372491576755276360e-02
3.280082384198683698e-01 2.621103594151380500e-01 1.567493128846113304e-01 9.051384526624785265e-02 7.418474046472564587e-02 4.280003104616502546e-02 3.541262858772891570e-02 2.994732749847224193e-02
4.313137778265791478e-01 3.116259495317372230e-01 2.305947521258141231e-01 1.376814573398525421e-01 6.449723910411332695e-02 5.215670744176710560e-02 4.777521181992206573e-02 4.773914448966718599e-02
3.324829212756149066e-01 1.953410327696132043e-01 1.772356364170754595e-01 1.480877275521408909e-01 8.816282169285957759e-02 7.375372776509321604e-02 6.073983055653293939e-02 3.030801231453471647e-02
2.645067343667843462e-01 2.026927880413278704e-01 1.686823262567205828e-01 1.205543054472600767e-01 1.120098829571745253e-01 1.013474281799258969e-01 7.682268687669836782e-02 4.146653031341152040e-02
3.886410877938805686e-01 3.308618592752400889e-01 1.645745518725361400e-01 1.410261570959438771e-01 9.809692821690840780e-02 8.543995129345650918e-02 6.961744087635295120e-02 4.130573913898659411e-02
4.447399889210593149e-01 3.074922767757330977e-01 1.262924332746187261e-01 1.032026858043173928e-01 1.041831083837976707e-01 7.185075653958926389e-02 7.449583128085246475e-02 2.927828429767472332e-02
4.360571000222957516e-01 3.687028796381120466e-01 1.643357158266436080e-01 1.281495449311363111e-01 1.243247793211489372e-01 1.190204900789020165e-01 8.892226605713743348e-02 6.575716997210957759e-02
4.448233236477870389e-01 3.685475582891521995e-01 1.776829595592507305e-01 1.706208692127018367e-01 1.117332035608693402e-01 6.579562385328471819e-02 5.943150368681372059e-02 4.645908997864213463e-02
2.665648225995320142e-01 2.577827111761764600e-01 9.777877936851776808e-02 8.156665993881648258e-02 5.740235362113275952e-02 1.854038996501672712e-02 1.947638441206767448e-02 2.214833142782045641e-02
2.870850201782314537e-01 3.157348428355437608e-01 2.045095574510095993e-01 7.590987960663188316e-02 7.076129154578730818e-02 8.763704462677898710e-02 5.312174391137116508e-02 3.467917415706258527e-02
3.809574811095101099e-01 3.304197408948844616e-01 1.703771776410637484e-01 1.367879429647951284e-01 8.825543868586163687e-02 8.322393843625967846e-02 6.423781504893806560e-02 4.750482339832640122e-02
2.334695124363447283e-01 2.351906048125926019e-01 1.650304128584691443e-01 1.230894051675940487e-01 8.323807199908224430e-02 4.463696171153545139e-02 4.035697161819223888e-02 1.333169410975002661e-02
3.200815908397069420e-01 3.219768562005087542e-01 1.861847555065082316e-01 1.473338530005677549e-01 1.081279546059654428e-01 5.519915503437270582e-02 5.033183057322489912e-02 3.858144394582882497e-02
4.201509191527948439e-01 3.039981627759699156e-01 1.896363578806228856e-01 1.251667568207648906e-01 8.414098458318142182e-02 7.121521394685072226e-02 4.996070272087776987e-02 4.209973038461987255e-02
2.434582016304887020e-01 2.542172109540422609e-01 1.555280439986832797e-01 1.247849702318427206e-01 8.814616695903103316e-02 5.916613680322148350e-02 5.044385392906683419e-02 2.570862916974311907e-02
3.941700267801435675e-01 3.257012353753990785e-01 2.122591747091268077e-01 1.148544567448357562e-01 1.211067483105628256e-01 8.356361105898992003e-02 7.689718932718682398e-02 4.187900402574389752e-02
2.646580013397901165e-01 2.194322080572106981e-01 9.450295729392789446e-02 6.937744557478402185e-02 6.295490940512879496e-02 3.587632259099608756e-02 2.832938339321920684e-02 2.548047361968273222e-02
3.433037794994856506e-01 3.152903727329301464e-01 1.997360963536513045e-01 1.283320371972421492e-01 7.622137090135014392e-02 5.939728281963057438e-02 6.382143409782252419e-02 3.561848932249261218e-02
3.076226762188068453e-01 1.662093384412807184e-01 1.571291490481592223e-01 8.284619742255920627e-02 1.039636575648650446e-01 8.184731866342649653e-02 5.406716039759878328e-02 2.453903931014129666e-02
3.178324581306318231e-01 3.327983660305819935e-01 2.253419565814253345e-01 1.600200390716924881e-01 1.528015789421336146e-01 8.550117815893992779e-02 6.724205766402745199e-02 4.756714625113128703e-02
3.974702200081390857e-01 3.543694119228441575e-01 1.900404954402621360e-01 1.657630924413386053e-01 1.486463715114667850e-01 9.135678382962063304e-02 7.027498214364780171e-02 4.129463629543033559e-02
3.581858705719889735e-01 3.111033107612205528e-01 1.439340347501593120e-01 1.036557498627322382e-01 8.350497783530516638e-02 6.346969189514972687e-02 4.965034146139968296e-02 3.746705700575873182e-02
1.887716508531500914e-01 1.671795492832787722e-01 1.388053512260493116e-01 7.220252850577263404e-02 7.670243817392630170e-02 4.396581738212736179e-02 3.983905774498697899e-02 2.781956917026260842e-02
3.815979810029089259e-01 2.799163243891553687e-01 2.547880996643507312e-01 1.201971975815676608e-01 1.141115814718761390e-01 9.105412550961454465e-02 7.024779851465241809e-02 3.438295309460193822e-02
2.261886614849299704e-01 1.835843810848510893e-01 9.803546724031472759e-02 5.814839187007851684e-02 5.705071915551632178e-02 4.357223768898739469e-02 3.747845942582719164e-02 2.793605886388683679e-02
3.296624367223252028e-01 2.879869166183194329e-01 1.902388261600204133e-01 1.549959115068458293e-01 9.347807951580407171e-02 8.000989094262744850e-02 5.312406790273621615e-02 3.797219327139191719e-02
2.086498135831975631e-01 1.847557409791621696e-01 1.890260415830376517e-01 1.722620528879418855e-01 6.531178446154874140e-02 4.203153904874287750e-02 5.613974116333367292e-02 1.713360791326709598e-02
3.670631332462940821e-01 2.507698090700420934e-01 2.568989002824529355e-01 1.064133169399580220e-01 7.905061556249116939e-02 8.393957601234877663e-02 5.991011622760930577e-02 3.714491187717194193e-02
3.662539017435738065e-01 3.206183297612275607e-01 1.884477904557685102e-01 1.106349768629001362e-01 7.561158327783672195e-02 7.815015712068063003e-02 6.525432200314543185e-02 3.337172852491968739e-02
5.694956123203613885e-01 4.482701583440631965e-01 3.301206082234626193e-01 7.942411083909541036e-02 6.894060913427937920e-02 6.470893770865060457e-02 4.866761444079095722e-02 3.865873899146329840e-02
3.114933485505032573e-01 2.780624884241553185e-01 1.796835354290527709e-01 7.565163087877899151e-02 7.340121842494837234e-02 4.087103433927721796e-02 3.214258272201760830e-02 3.905766599134052885e-02
4.573049137071080739e-01 3.429155936227566981e-01 2.512720144513719278e-01 1.087093044681073095e-01 1.031517337959073632e-01 6.984932534339535759e-02 3.324682206201635265e-02 2.267629979222195863e-02
4.199707834525382988e-01 3.331625115891838074e-01 1.644995961985234456e-01 1.311276583014399089e-01 1.046546283740738131e-01 7.738598579670158406e-02 6.218948509103040118e-02 4.602599118693829344e-02
3.264074982507075284e-01 3.134055574592791160e-01 1.347152499352471944e-01 1.160959351911020482e-01 7.242684698579932023e-02 1.124397106860621220e-01 4.442376547103132900e-02 3.121342722043021420e-02
3.650670184595640744e-01 2.536952012827520808e-01 1.784301265922467461e-01 1.213041561872769125e-01 9.445791400543819549e-02 8.077283692392221714e-02 6.552352405141476099e-02 2.131145219164866378e-02
3.005323015427184274e-01 2.599943752655999307e-01 1.966636542384297970e-01 1.029843543851575727e-01 6.133082955961770971e-02 5.061153383763837554e-02 4.856034298949012812e-02 3.937052733892249662e-02
3.762370906560537076e-01 2.711105984864005114e-01 2.283693059835136263e-01 1.456765350736334008e-01 1.341600010802271314e-01 7.496273680245942039e-02 6.953735783069614484e-02 5.249664784545111235e-02
3.184596702581476424e-01 3.076837009034071313e-01 1.838879722323729371e-01 9.964261641331456643e-02 8.361769161557656982e-02 8.224136971284513875e-02 4.827928517217529997e-02 2.693602241171873593e-02
3.943463845441934623e-01 2.918927526394290983e-01 2.154206243814615895e-01 1.059647875089069213e-01 6.669401085603600399e-02 4.112963643759272314e-02 3.557788364940473597e-02 2.614082577037646349e-02
2.775541667903734244e-01 2.737487669098855880e-01 1.973657100166202605e-01 1.604304856353948594e-01 8.950900012480016155e-02 6.313121339979656244e-02 5.412265883311948717e-02 3.818837803809220499e-02
3.220015479175495354e-01 3.146618100916008243e-01 2.179829976643920253e-01 1.531755206514140155e-01 1.326005854801105832e-01 8.394875533871146156e-02 9.367335347870386908e-02 3.953909860872084625e-02
2.834158106174923253e-01 2.175260451091228231e-01 1.125354586900558507e-01 5.126671868014615746e-02 3.968430400754677234e-02 2.878840475146564673e-02 5.710750346073928743e-03 7.492378586507397395e-03
2.938472449607756887e-01 3.162204630585749299e-01 1.688433326781326183e-01 1.039284203656760247e-01 9.907640382831681136e-02 9.474019594964296076e-02 7.014509234262590598e-02 3.679437561776554427e-02
3.872476538311790395e-01 3.283000356574178324e-01 2.558947032690590540e-01 1.524682465388300934e-01 8.189840542394795364e-02 7.632382914695055864e-02 6.361200788346657586e-02 2.495825258325358453e-02
1.279637751614522700e-01 1.203245027426622787e-01 6.993833047106200185e-02 5.172486402066854561e-02 1.892999494665334459e-02 1.384129494782980474e-02 9.982117441558363211e-03 6.779755560689800301e-03
2.861843914193265004e-01 2.969831618095839509e-01 1.779600385363539761e-01 1.252214349097694190e-01 8.390144988793547809e-02 1.075119017858166687e-01 5.810742513203659421e-02 4.012700645714906145e-02
2.588393142636601363e-01 2.108296063443420298e-01 1.193252462133542746e-01 1.103231539622880619e-01 7.013809661059233758e-02 5.411081657716252519e-02 3.411010569512853280e-02 2.859750940080904927e-02
3.415005331729597526e-01 2.912827928347589967e-01 1.566848640560249417e-01 1.580542381206850588e-01 7.743824820090722261e-02 8.230487931490963749e-02 6.730280609009763049e-02 3.546761505249007573e-02
1.928344959560196192e-01 1.531703485059537628e-01 1.078564605322920589e-01 7.687576570867236947e-02 7.703411357382354552e-02 6.232370898770598494e-02 4.606983439853627738e-02 1.070553658679869805e-02
3.421468981459181435e-01 2.264294621017328424e-01 1.895960730940962347e-01 1.145855238146878813e-01 8.265607435343211296e-02 4.732880690391615824e-02 4.907228442886615860e-02 3.878381853935921469e-02
