4.332160071710999261e-01 4.337123055494693791e-01
2.905625109424058716e-01 3.115505820070278431e-01
3.912544789361137587e-01 3.217104221465016956e-01
3.041789850946466367e-01 2.592843800174296498e-01
1.056454625591354973e-01 8.554209675370508248e-02
5.724219505120964335e-01 5.614831795376988843e-01
3.343270694742192517e-01 2.269209193697227789e-01
1.322874782228548873e-01 1.828642114717109746e-01
4.329636735803750192e-01 4.101640606332460637e-01
2.878116509379923249e-01 2.315070287828622508e-01
2.221386914665501588e-01 1.937594156968471260e-01
4.214680969390746657e-01 3.822653138289525132e-01
1.901672316082361758e-01 1.855943995273532932e-01
3.492751989064113993e-01 2.734102016036058513e-01
3.113730459639548753e-01 1.765618019541603800e-01
2.930548463968655204e-01 2.170881318773065227e-01
