4.106430647939092182e+00,-3.764269412969507567e-01,6.661233316531651738e-01,1.242619427657576825e+00
4.235364522452017333e+00,3.085608979666585316e-01,4.327186348740615085e-02,1.454317832105043173e+00
2.220396350157341825e+00,-7.862029921707916480e-02,2.413748985544175163e+00,1.898416866623170440e+00
3.363569558190275810e+00,-1.034311284286948629e+00,2.744939295903756626e+00,1.140431078496392692e+00
6.640165330248309239e+00,-2.918748730635319921e-01,-2.333590601885807914e+00,2.572691141978136198e+00
5.395697989158323438e+00,-9.112820927827310902e-01,-3.349589541513978919e+00,2.962561421606467182e-01
4.764125777774359527e+00,2.011924549323891032e-01,-9.267782897754793525e-02,2.063764505499258828e+00
2.011632193464595098e+00,1.721687665096877984e+00,-2.780137344395542165e+00,-1.454763965473914400e+00
4.856528776078375742e+00,-8.068171110484426700e-01,-6.907353095865882697e-02,4.706024706964238580e-01
3.638551072849065537e+00,5.024900542342778387e-01,2.946081401986424542e-01,1.670827072433634486e+00
4.198586508899065706e+00,-4.496671262440465333e-01,1.268481870666396061e+00,2.248725549054543471e+00
5.417362126083354212e+00,3.235329981394506893e-01,-3.363082533617176573e+00,-7.140896185544519659e-01
4.741833220172321006e+00,-1.207081140474498770e+00,1.589655665780975724e+00,1.440151329248784418e+00
2.801391925641258496e+00,1.030240305638645326e+00,-2.605219196744791965e+00,-1.832812708689320003e+00
5.382717647200223610e+00,-9.184365855482645724e-01,-2.905117310776582862e+00,4.026423974546376461e-01
3.572095615450025186e+00,-5.736961682424742692e-01,-4.630904557960200396e-01,-9.734173568178591252e-01
5.211963888620753771e+00,-1.248684656752579170e-01,1.178140836175914918e+00,2.479231012855063643e+00
7.110300402309627898e+00,1.638514848034412497e+00,-2.047260541210482288e+00,-1.087809570047405527e+00
3.195947365215725977e+00,-9.551422758400565649e-02,-2.138418181306379839e+00,2.525739163276538579e-01
4.025020537030598256e+00,-5.775892066697412286e-01,1.410459240368996836e+00,5.622403388873434826e-01
4.760502859732050673e+00,-2.081095249437265426e+00,1.218160283022717838e+00,-6.049050746617398167e-01
5.174054203004167185e+00,1.505302059689271665e+00,-3.699662799003768932e+00,1.118867184908645562e+00
6.327891647185622581e+00,1.797248345913376122e+00,-3.699764119550101427e+00,-4.485687942885436263e-01
1.559055100341674605e+00,-3.812091059108557167e-01,-1.893716085684269190e+00,-8.635668842152015579e-01
2.439496841575339303e+00,-1.225758058733653622e+00,-1.365837484623191989e+00,-1.409752770106837083e+00
4.813419915501352619e+00,5.342802413499446734e-01,-4.460116444433825933e+00,3.476552843049000585e-01
4.221961652536633247e-01,-1.353886572575783154e+00,2.292403075803121637e-01,-1.299083825387260527e+00
3.756041559892534298e+00,-6.668416618335728518e-01,-4.780259037950236878e-01,1.770275431406451716e-01
1.634405175620315287e+00,1.390458517976184138e+00,-2.789222865764116044e+00,-6.074482743753757408e-01
4.646014108800723186e+00,1.317300619713709819e+00,-3.963161728401660699e+00,-4.038530696033592604e-01
-2.832342031977466701e-01,-6.988947650813078782e-01,-2.090070055666189752e+00,-1.484114255151687489e+00
7.344849355299102101e+00,-9.345797152190300772e-02,-1.903765832193281993e+00,-8.821152334209106938e-01
7.797045197079107481e+00,-9.082974181761178656e-01,7.745076771028932550e-01,1.407915591854222714e-01
4.761885363929305726e+00,-1.061135962795444421e+00,-8.704003994079011486e-01,-1.108699699699726038e+00
6.805752205069742544e+00,-7.955908869721436405e-01,1.856839502333735181e+00,1.191822364490362274e+00
4.581590982127758949e+00,-1.279208252939303625e+00,4.157969549982593049e-01,-2.302455674034385169e-01
3.843286580065919278e+00,-1.180698798512962888e+00,-2.283538350634315983e-01,2.157328714555794835e-01
4.888240322760337264e+00,-1.091552505336755574e-01,-8.776999618163029426e-01,1.162860012478758698e+00
5.979328527451672315e+00,-1.058036911065159957e+00,3.250812610668351255e+00,1.003760333446929831e+00
6.966402820123005490e+00,-1.728526475013169472e+00,2.646981314211391823e+00,1.117660495523252973e+00
7.605396661736514297e+00,4.794235398852088048e-01,-2.383823875362048206e+00,-9.027850473385375107e-02
5.932865733330895175e+00,-1.920112136968112060e-01,-1.494520890004302771e+00,-7.607326590832055868e-02
5.882862486892271647e+00,3.237503795510520144e-01,-2.064742562259709757e+00,-2.478881962775929093e+00
3.442108743594411102e+00,-2.322465404479333362e+00,1.178078771726412066e+00,-3.314530219226514141e-01
3.660073341321344653e+00,-5.188759648066121333e-01,1.094950673373022765e+00,2.604280119702084284e-01
7.423072454010291032e+00,7.241527249277274203e-02,-2.984094671905038965e+00,-3.651266788254516893e-01
6.340481192739582994e+00,-3.918104917494950601e-01,-1.869096848361455843e+00,-8.553919430553484637e-02
5.464307981608120812e+00,8.095721721921208536e-01,-3.030789072169155496e+00,-1.946879282366967612e+00
3.466349703652015002e+00,-7.129538798943299005e-01,1.381989750432682351e+00,1.005183164716868083e+00
1.761346734570011563e+00,-1.529061202231849048e+00,-4.689952791094163520e-01,-1.058718518237933059e+00
-2.439587755744758280e+00,3.129332597697723095e+00,6.712888395975550315e-01,-7.148847914054981545e-02
-2.257638733195265868e+00,1.324957900948503742e+00,-4.945456994519661365e-01,-2.003920524221032284e+00
-2.857642907840966195e+00,9.849550884612474633e-01,-9.354174677753064326e-01,-1.748132141432193976e+00
-2.750246470077234218e+00,1.436634636168121704e+00,-8.123529320543274590e-01,-1.945754742827958461e+00
-2.523164136269503643e+00,2.894809095452009373e+00,5.522678333945205686e-01,-2.671257385722822578e-02
-8.437140255169149894e-01,6.943834579404143392e-01,9.269189008511703465e-01,-1.428330669032415345e+00
-3.113256597967041461e+00,2.170045210908184696e+00,-6.940848766430064432e-01,-1.531577223543793664e+00
-2.139560236493179612e+00,3.634401272428707141e+00,4.992642272723230024e-01,-4.706140572195796623e-01
-2.963645966324682135e+00,2.724491754799742260e+00,-1.863303015116659633e-01,-1.355778111925079354e+00
-1.063690853598215358e-01,1.676933623808780194e+00,-7.954630120531148985e-02,-2.691623245473243387e+00
-2.955853214860016287e+00,1.528859148964329506e+00,-5.658791207366565823e-01,-1.978884718324267045e+00
-2.491656521056852647e+00,3.676362935758479278e+00,1.327560344381084612e-01,-8.884120984921122233e-01
-2.998950987748441932e+00,2.752360026313888763e+00,9.375347820606184657e-01,-1.241503432562242881e-01
-2.967046995878440896e+00,2.405482198250122217e+00,-3.786722407365262777e-01,-7.493184161117790731e-01
-2.687195598377376093e+00,1.509463710334079334e+00,-5.508667868238729115e-01,-2.057205057591082298e+00
-2.435259886718740940e+00,6.136933069104506533e-01,-7.674865103086973006e-01,-1.782097039343298883e+00
-2.499464417601081401e+00,3.797754556664623582e+00,9.454251940430941081e-01,-1.216174317103632330e+00
-3.217816927785596803e+00,1.756555667259481313e+00,-5.830628594019547917e-01,-1.746170032251991744e+00
-2.085817995046774787e+00,4.098544753536540242e+00,1.580976032397740649e+00,-1.056565057042811118e+00
-2.841862508402226428e+00,1.886925870079735779e+00,-9.214801528440841327e-01,-1.726697794783537132e+00
-2.822886988983605239e+00,2.568842719118630047e+00,2.894170510999866108e-01,-1.438688072367469095e+00
-9.193823248160689632e-01,-1.529866864429052509e-02,-1.993217365064662738e+00,-1.931667670302246398e+00
-2.429389591608393850e+00,2.634005810230025002e+00,-1.241681716702863897e-01,-1.911579158600836603e+00
-3.012008520070150297e+00,2.168108869842692243e+00,-8.675009326759746120e-01,-1.752923101776170833e+00
-2.998748215005324624e+00,3.314048386310624927e+00,5.093676646122146101e-01,2.432515759445704473e-01
-2.617194995983813222e+00,1.425382401476465777e+00,-7.538800784438097757e-01,-1.974105575057844231e+00
-2.356500706590424432e+00,1.028113763496790733e+00,-1.979762772510585411e-01,-1.651632728289613050e+00
-2.414268086449351980e+00,2.805741426136689753e+00,7.086456669467969816e-01,5.337463140090935587e-01
-2.097657815864676589e+00,3.739880642256234289e+00,8.432797905917177594e-01,-8.345057262263773090e-01
-3.095862866322860008e+00,2.726496005028787195e+00,2.571247939207101929e-01,-1.042435814970588792e+00
-2.852075388167675030e+00,3.187704128372682355e+00,3.570538451857647733e-01,-1.367762277269375604e+00
-8.137406180776610154e-02,7.672101394320596235e-01,-6.655235512003383480e-01,3.379821929609221343e+00
-2.735195253450847908e+00,3.135452506120562699e+00,3.276644665963810432e-01,-2.054710775912181653e+00
-1.838113426120645988e+00,1.407440432635887806e+00,-6.265431946231898586e-01,-2.108153904714977322e+00
-3.188517108300864766e+00,2.998264416554036860e+00,1.174708898187420136e-01,-7.112742142136868617e-01
-2.517041957383698403e+00,3.348327028136837136e+00,3.550450794240082586e-01,-1.913151150323541216e+00
-2.631624077438994735e+00,1.601786054592346797e+00,-6.638088599489181396e-01,-2.103002058206411284e+00
-3.090644528714209915e+00,1.870391401156789701e+00,-5.579745903790979122e-01,-1.861721643322579167e+00
-2.866776602297269605e+00,3.034368140413115089e+00,-1.456643578851617993e-01,-1.807365216443488576e+00
-2.318589611865331523e+00,3.350435134847680185e+00,2.506531396318381621e-01,-1.748972662223839958e+00
-2.919986151648799044e+00,1.898508771890574875e+00,-9.535796999375105720e-01,-1.798055064909227729e+00
-2.732538215414938243e+00,3.462985165256357245e+00,6.509447517817622542e-01,-5.988420820443611792e-01
-2.709657066002014059e+00,3.176523760949468311e+00,7.953784914532057160e-01,-4.461030059619699450e-01
-2.575357827216829154e+00,3.064006835270537632e+00,1.147456584416697734e+00,1.259672552871680951e-01
-2.311871156027010432e+00,3.593583102033612864e+00,1.277830169909615288e+00,-6.595165228710399008e-01
-2.994453869669728707e+00,3.234840054946697130e+00,1.135976121260327210e+00,-4.745843414841746655e-02
-2.551200901405994426e+00,9.529591406397505127e-01,-6.219592854980172669e-01,-1.606332377881325435e+00
-2.844703619360852365e+00,1.817932329299397409e+00,-5.330931782311358891e-01,-1.497507198542733065e+00
-2.561540907716977511e+00,1.774109511239198023e+00,5.193117197944836505e-01,-1.918543254631074779e+00
-1.879315013147190072e+00,9.656747077863617745e-01,-3.024303736025050204e-01,-2.320263529067423391e+00
2.302710797104706719e-01,-1.108276742461598241e+00,1.619261553312898450e+00,1.084069871507675531e+00
2.491637328751791225e-01,-3.278171977048289776e-01,3.469283031747205093e-01,1.824908812398270130e-01
4.216598112585413283e+00,3.578432553532853611e+00,1.141218261835851289e+00,1.120088373447039931e+00
1.450571125264221051e+00,-2.425778918465922585e-01,-2.497284672480283074e+00,1.127304915148956699e+00
1.450770314073163147e-01,3.878080982860674375e+00,-1.380679590522368994e+00,-2.489097743428244414e+00
4.401351169483329606e+00,2.269988335067416318e-01,1.996102403595229280e+00,-1.191304352652678533e+00
-9.691866987873642980e-01,-1.443449904569618525e+00,-1.707175475683334609e-01,-2.862102430137958731e+00
3.103130444131029897e+00,1.791543461497570489e+00,6.460126783549046126e-01,-3.404153919610081735e-01
2.212596224289180569e+00,-7.038441448685699431e-01,-2.521516200420354181e+00,5.571746445753253396e-02
-8.007217634787241467e-01,1.545771415224439060e+00,1.891413238788876683e+00,-1.921038799942587749e+00
-9.637026631226917051e-01,5.241102045499920759e-02,-5.990151513781613035e-01,-1.478002891490613147e+00
8.466366025442878529e-01,1.090879317833114148e-01,1.054739595459808665e+00,-7.343787427980288940e-02
3.525063778654720537e+00,3.415507109738927571e+00,1.126796018589768744e+00,1.736423700731555053e+00
1.720250602354465919e+00,6.120062300630385588e-01,1.246358551522391833e+00,1.320864608304837817e-01
1.442453250249467578e+00,-9.230110832434833545e-01,1.468735830459646952e+00,3.788256050404106845e-01
-2.074609452068957971e+00,1.694975250097181085e+00,-5.016380112394652757e-01,-1.534212993767558375e+00
3.426465931521711639e+00,2.369960828230864180e+00,2.790838044740208801e+00,-2.131792953247828581e+00
5.492187230780684049e-01,-8.612436937935832870e-02,-3.927893260245281237e-02,-1.873844996765355431e+00
1.269492094493901213e+00,1.483677212615855723e+00,1.631065372995537999e+00,-4.100902617330439703e+00
-3.233545350872112922e-01,-1.454870898097459175e+00,5.492828217101869415e-01,-3.074111914951830130e-02
1.588463597465039845e+00,-2.440235470866032597e-02,3.386416770432966850e+00,-8.883729054081798138e-01
2.301860201556384933e+00,2.050304622418374745e+00,1.647465202656544392e+00,8.196870141215409356e-02
3.559422700533566575e-01,-2.635796119519245306e-01,4.355729637576637003e+00,9.266359117118109223e-01
-4.111218002772756286e-01,3.030459681564976027e+00,3.024096208852992684e-01,-3.489826517937590911e+00
2.348164417260548475e+00,-8.572359479778791647e-01,4.055386603560408254e+00,-5.997651584247071233e-02
4.239085363004172491e-01,-7.507735466047660289e-02,5.810989369599509624e-01,-2.552721178049857986e+00
-2.393674532639797015e+00,-8.868176472618863881e-01,-1.032853179177148917e+00,-1.367499592838579803e+00
2.174958624322743006e+00,-5.161884937762953873e-01,3.518698451010279893e+00,1.123369726209983765e+00
1.951616983417720608e+00,-3.745000818873215342e-01,3.910975968559972316e+00,-1.011991295684989911e+00
1.317330769809517355e+00,-1.084677550621217401e+00,4.226595985770827291e+00,5.433690369142306631e-01
-7.142596529864139177e-01,1.778140053811473775e+00,6.202562120234539345e-04,-1.660474366656134571e+00
2.362341827762542756e+00,-6.909660945153913714e-01,4.460823238081358610e+00,1.415999123058727938e-01
1.869710947328266260e+00,-5.206178096204522321e-01,4.018034849925256502e+00,1.769597788286164375e-01
2.110291145208856189e+00,-1.065868366910403653e+00,3.997233252049072760e+00,1.962532828210803160e-01
-2.993005872420437807e-01,3.723341595309274776e+00,-3.357640697515835992e-02,-3.734465861039835577e+00
1.797370146375511180e+00,1.676810184058004916e-01,2.878290689185520890e+00,-4.516938510934206952e-02
2.328135777740243828e+00,-8.247124304537695183e-01,4.238942666123696412e+00,4.170128187361381022e-01
4.171303538272568279e-01,6.217870088036153708e-01,1.657366662636399424e+00,-1.832773467357051045e+00
1.395837375118945234e+00,-2.808105949276257784e-01,4.279432823433207744e+00,1.307998332030216426e+00
2.284010263813637920e+00,4.784618359133427368e-02,5.009708292891802195e+00,1.204502662847685590e+00
1.001009397288421754e+00,2.639224954519346245e+00,8.035575341380866154e-01,-1.564967972689440545e+00
8.584169388269710099e-01,1.930541502280885557e-01,1.844891643347085886e+00,1.370082362272903032e+00
-3.672304189410192654e-01,-6.007948459190246560e-01,9.013095987402114373e-01,-2.380322968540076634e+00
-2.212164115495662137e-02,3.303459449112603696e+00,2.138644445554306550e+00,-2.467702882575006029e+00
-7.449639185800882579e-02,-7.633656949801003178e-01,1.405555427264018054e+00,-2.087864542556408243e-01
-2.189660452100816723e+00,7.403920142060709253e-01,-1.705129504449182987e+00,-2.248221119605605445e+00
-2.913688829382608536e-01,-1.870189774709794250e-01,3.578877705350298033e+00,6.143103366532746135e-01
3.427218956036125475e-01,2.679684823300557128e-01,3.668894693394047835e+00,1.519843874190057287e+00
-1.237314002918007638e+00,2.071680923797274421e+00,-6.634522390514784318e-01,-2.647519831911147037e+00
-1.365212354293948716e+00,-1.447239200356730926e+00,-2.833297574498045979e-01,-1.122136866411848510e+00
2.379643632065321590e+00,1.950418926033191003e+00,7.501434710020327135e-01,4.228165047360931794e+00
1.738757564499059383e-01,3.196319927657381932e+00,-1.537226491597047384e-01,8.470397872248141002e-01
2.131435534047526392e+00,3.386158875228945764e+00,-2.829600232598225240e+00,-1.499957118004607626e+00
3.773698884574515855e+00,3.338655570187241128e+00,-1.019455741969072626e+00,3.644926983772420748e+00
-8.278477460338010685e-01,7.338619482260969606e-01,-2.281739124679365460e+00,-2.379142717069680835e+00
-1.228186599591470030e+00,1.159532002763633551e+00,-2.748001973607411941e+00,-1.773756371692548406e+00
1.873225408808149695e+00,3.624103764474605249e+00,-3.181085072525158819e-01,2.733868243441058610e+00
7.617431328072156171e-01,2.544280186784508846e+00,-1.201833838341831218e+00,-1.446022105919020140e+00
4.609075157218525676e-01,1.977107906427484796e+00,-2.314046627071927098e+00,-6.267298531400246064e-01
-7.286035329977584851e-01,3.243541204025958136e-01,-2.785203621199423996e+00,-2.252527650089243050e+00
3.359434268218397523e-01,2.456149841024777292e+00,-2.792472217267835344e+00,-1.025332694708070758e+00
1.717732869210722768e+00,2.734770351340690020e+00,1.321423519259282919e+00,2.239138580874766582e+00
3.009670541828184387e+00,3.662613693112136692e-01,-2.123007050662931494e+00,3.263961575550428762e+00
-3.246061045950048851e-01,2.734237879441441255e+00,-2.422844503348687173e+00,2.253105814380161609e-01
6.244384426279616651e-01,3.255383071064173794e+00,1.191180099460342756e+00,3.066521033448526445e+00
-2.951463220716963876e-01,2.496464561500895130e+00,-2.940670925660891388e+00,-2.193622062987386823e+00
2.262167767396783269e+00,2.779893229030536705e+00,-1.975796583989938959e+00,5.518295065726517290e-01
1.189350504522301177e+00,2.094862946755132516e+00,2.363228774984646119e+00,3.477958896641973663e+00
3.133926581111032839e+00,1.905403840921963354e+00,-5.296874586483010239e-01,3.035890059746359615e+00
7.194890975108204634e-01,-8.404093623166050686e-02,-1.283261696702077348e+00,4.244956291005876459e+00
3.895510551356170525e-01,2.882868023190299667e+00,-1.959469766435391724e+00,-2.632149762366605472e+00
8.170777923118041075e-01,1.283996842777335168e+00,-8.944308245162825299e-01,4.235096894913291443e+00
5.542611745207077778e-01,-7.531944199383626415e-02,-5.529170826150801021e-01,2.811870667007024149e+00
2.146285364921645122e+00,3.937898148733907977e+00,2.149486481924693937e-01,2.233177539823954838e+00
-7.656013943932148402e-01,-6.771862883361136065e-01,-1.874458743470603039e+00,-2.270310382288044604e+00
1.609364217990187917e+00,3.125822979148102032e+00,1.056467612623008590e+00,2.894168743050285819e+00
3.503877560363056531e+00,3.507292273991653886e+00,2.734879909473297288e-01,8.833587006107413986e-01
-6.430357128171623193e-01,-7.115070455494830748e-01,-1.052324836685357257e+00,-1.805104546906479479e+00
1.310330842656459271e+00,1.663562989200780162e+00,-1.417832368800638898e+00,-1.979195532157815629e+00
8.268410023315148072e-01,3.294508764100927412e+00,1.643870814293212801e+00,3.314772477302630360e+00
1.193902704878940124e+00,2.402988956712581725e+00,-6.147197779262970618e-01,3.426860225683546091e+00
1.955729792614365081e+00,2.643142974222498331e+00,3.797349334892009542e-01,2.040415443415790175e+00
-1.274999375415926395e-01,3.466342332272342119e+00,9.469134136618818642e-01,1.562619132618930928e+00
1.887334316300099735e+00,2.989156529154449959e+00,-3.102662447611041596e+00,-1.534308390511614384e+00
8.174690814918997850e-01,2.633584002505433119e+00,9.518153722829656438e-01,2.781242521063074680e+00
-3.485263523894877036e-01,2.812297911327108046e+00,1.671380765315267469e+00,1.933217408812547999e+00
1.974266261031176084e+00,2.207640163328903782e+00,-1.649654165640188852e+00,-9.083573309030448240e-01
2.064960279755177375e+00,3.145651850897830837e+00,1.494764784734936125e+00,3.224378537597510697e+00
-6.312446654821083358e-01,2.158921184674325033e+00,-2.899724506120458845e+00,-4.901679635899470755e-01
9.151500607480845817e-01,2.846574893429250519e+00,6.334308271586169825e-01,4.075247497470622093e+00
5.828794149516367540e-01,2.777283015512315600e+00,-2.351220965316712874e+00,-1.221397576208668401e+00
1.732812972820563902e+00,2.649118552539085680e+00,7.253659119225942531e-01,2.115517938931676056e+00
1.406793105920598030e+00,1.299338670366087856e+00,8.630762009960096792e-01,2.252247417471954893e+00
1.037582283905693903e-01,2.908744319345830220e+00,8.191662153037141403e-01,2.425828642023784898e+00
2.652728915569738888e+00,1.315014622039989201e+00,-8.748222721242241429e-01,-7.088230569172765394e-01
-4.763816817489358035e-01,-1.887007032828357245e-01,-2.235089809097791314e+00,8.652294369966184728e-01
1.597668362008147103e+00,1.720931280551112774e+00,-1.408053144400027046e+00,1.704373270982685762e+00
1.268074365282967353e+00,1.411311668360537119e+00,-2.671075423167629914e+00,-2.177096964365696774e+00
2.169127140485796801e+00,3.505314759988905848e+00,-1.393483451456928535e+00,-1.187598802108867480e+00
3.058124646060416119e+00,1.613008380841556733e+00,-7.055575500387195609e-01,1.297841537561755576e+00
-2.970815753184178343e-01,-1.629272915293423107e+00,-6.914136390553267120e-01,-7.252171736404479097e-01
-1.977377727514303185e+00,-2.087838489209583148e+00,1.735421932917747379e+00,1.036130545555480120e+00
8.242089875559942547e-01,-2.036094337130431420e+00,-1.528588430776969820e-01,-4.747448702999388925e-01
-2.545562960590421753e+00,-6.477150221178893386e-01,-1.825971157368109665e+00,1.160058829416999032e-01
-2.874570484953717919e+00,8.786783321793346646e-01,-1.802704864629482151e-01,-1.113178664322185041e+00
6.109596404624970667e-01,-1.521190877117755358e+00,-1.857374365496152979e+00,3.268456477465387366e-01
1.404851259582397205e+00,-2.224670917460838115e+00,-1.475540127360204012e+00,-1.344984779313331158e+00
-2.489295699709553222e+00,3.398469156601086616e-01,9.248568052224118707e-01,-1.697044411049596913e-01
1.594853651711478637e+00,-3.307866522878898152e+00,5.117626699124596668e-01,-1.410070592048597860e+00
-1.014915103664946194e+00,-3.656874308776520088e+00,8.235023162155807874e-01,1.633858230233630637e+00
-1.035032564168589131e+00,-1.982996563463379491e+00,-1.063404536585744964e+00,-4.435936585605846916e-01
-1.753675991456604910e+00,-3.078608011585255877e+00,4.539862787855342696e-01,2.024953102599761134e+00
-1.712595777254338980e+00,-1.818321848747322944e+00,1.904970022655323447e+00,-2.475710356740460846e-02
-1.452006034393157341e+00,-2.619165397725595312e+00,1.595709756537464941e+00,1.351643771303917330e+00
-2.031629635287296232e+00,-2.585388819128590310e+00,1.912565854617610972e+00,7.813703524571133929e-01
-1.880398434956867204e+00,-2.335666505084444289e+00,-1.174999484809696959e+00,3.008444381733991757e-01
-1.563997032042469870e+00,-7.390812517237863588e-01,5.093171393357313059e-01,-1.702297894258532285e+00
-2.250093296290489597e+00,-1.093352225080794105e+00,1.468364742849782578e+00,-2.315605963398641720e-01
1.740814939360321834e+00,-2.661097700147255107e+00,-9.242070915444642321e-01,-4.944261801967455572e-01
-2.252574316270718136e+00,-2.118983996126972524e+00,1.203141072312615245e+00,1.111080549679703378e+00
4.546724772748810262e-01,-3.129514230126266838e+00,-1.060501779098286690e+00,4.622571335397768766e-01
-9.032121672665297529e-01,-2.918441184693389534e+00,5.121335000957641936e-01,8.075453862732879795e-01
2.376876948110442367e+00,-2.238739587012746668e+00,-1.673924094668658435e+00,-1.641178508519079982e+00
-1.029190818781635208e+00,-3.030979667618445283e+00,-2.824260728854689484e-01,1.246210639193958469e+00
-1.585462129227124928e+00,-3.368336637004302414e+00,1.568590404754828249e+00,1.397341191229926505e+00
-2.333972078502449143e+00,-1.932870389662081134e+00,1.143467969987341792e+00,9.022659237420774803e-01
-1.606544721753047078e-01,-2.508988588032738942e+00,-2.157741188936999510e+00,2.119968448722322041e+00
-7.001359746125134231e-01,-3.535232481314675823e+00,9.941790085545741951e-01,1.211929605091310203e+00
-1.980325967204146442e+00,-2.692279150606939897e+00,7.555492842196255276e-01,1.030716327822021494e+00
-1.893318856627074220e+00,-1.105840907032725307e+00,6.464751738112973767e-01,-1.129091215806561133e+00
1.348094973495476578e+00,-3.060615274955843290e+00,-4.366110332095484159e-01,-1.043648749316886448e+00
-1.229882448527735317e+00,-3.431799123274735575e+00,9.664348474657658006e-01,1.355012656196603382e+00
4.822941287815299960e-01,-2.616904584287914837e+00,-1.156879068428082524e+00,-1.175034786178658974e+00
-1.243668666799437661e+00,-3.803801981091695428e+00,1.157562407585496000e+00,1.670813395774001231e+00
-1.990204636599276267e+00,-1.445373724981110941e+00,-8.007917611739683306e-01,6.110875684190771873e-01
-1.157486600433575985e+00,-3.159308707396464300e+00,-9.128547312881791775e-01,5.978101196167352471e-01
-2.204992335001926040e+00,-6.475247114608545518e-01,-2.268474828043388070e-01,-5.932497176023012742e-01
-2.256778953036310043e+00,-1.067979359833248765e+00,-1.515527398296803829e+00,-3.709803628155015076e-01
-2.718466427294378818e+00,-9.779254863935235020e-01,1.160612458074306019e+00,4.949883873781662502e-01
-1.683329735094683643e+00,-3.194449735744304242e+00,-7.190219916268374145e-02,1.761406839735514707e+00
-2.022576255617791752e+00,-1.333674576012164881e+00,-1.690659346917993133e+00,-2.805365569483053156e-01
-2.173266717591835206e+00,-2.508176086247139391e+00,5.412689831258002959e-01,1.066503487988524457e+00
-2.713100991909052073e+00,-1.300182475000616789e+00,1.204707006628521926e+00,6.454863603810502282e-01
1.098879283104181370e+00,-3.310449472997024412e+00,-1.143942707030362937e+00,-1.566731723025896583e+00
-7.391592727207589864e-01,-3.402552687405003606e+00,4.522390290072712815e-02,1.002026585977315198e+00
-2.930641439219640709e+00,-2.685619555095180577e-01,-1.184021089661052129e+00,-6.740426147709683846e-01
-2.114855634146653340e+00,-2.896222606619970996e+00,7.631677777513380390e-01,1.327135813440237122e+00
-6.331218249764437589e-01,-8.012818051481876980e-01,1.634643340895605590e+00,-1.690920480051882224e+00
6.311892117704285057e-03,-2.926134013813714407e+00,-8.635897643344204733e-01,5.055462930844334402e-01
-1.887779672421658228e+00,-2.334057554434985082e+00,-9.236038335511185249e-01,-3.778739535638258595e-01
8.106294980687566154e-01,1.605361704231534681e+00,-2.010024009617978336e-01,1.065328019450433539e+00
-2.081851431910108463e+00,8.050213799785700397e-01,2.887887308215280058e-01,-1.389447841959929653e+00
-2.203328239752791795e+00,1.003800284500011797e+00,2.141026082581299894e-01,-1.292332916110007779e-01
-1.160748555764375078e+00,5.795994581990707717e-01,9.603417154048849991e-01,1.960325889876397332e+00
-2.007604647048265356e+00,1.393979007025665684e+00,5.267934714013829955e-01,-1.128151207196071537e+00
-1.236893302370079217e+00,-4.960410073279355458e-01,-1.559249560183393335e-01,-9.550258721482592916e-01
-1.566961840997838751e+00,1.620643072128068241e+00,-1.458155365700073980e-01,-3.119052041780674411e-01
2.975673330241224601e+00,1.423668279211038223e+00,5.090090015672330548e-01,-1.719602480814882650e+00
-1.776346258229578146e+00,-4.077130346537716776e-01,5.302852132737720936e-01,-3.443063358205788460e-01
-2.383718730637893746e+00,1.156746950244844863e+00,1.790690133064883893e-01,-1.164755420641852668e+00
-1.240762132521846750e+00,8.441688419257958875e-01,8.931670299139830016e-01,2.447253131413935356e-01
3.141525421684537633e+00,1.682409979809185607e+00,-2.095929401197921038e+00,-1.862225785719280990e+00
-1.733747187204923268e+00,-2.044947541933593571e-01,8.212872666321496817e-01,-4.137378752988556951e-01
8.784214015346784032e-01,6.298909057922400523e-01,8.521204107827307084e-01,1.441374348458133170e+00
2.217783187749457902e-02,1.594699751003712862e+00,-8.924099159075656873e-01,3.029918063154611207e+00
7.972246602127264214e-02,9.786137479393181016e-01,2.446265029738043939e-01,4.503796381011194172e-01
3.811766833958047052e+00,-1.815140779373520530e-01,-9.020007904082038008e-01,-8.864012854193684121e-02
-8.533114525482422552e-01,-4.231569535173103636e-01,7.882211785262446258e-01,6.585426224694332920e-01
2.219693342968144911e+00,2.618437630297541840e+00,-1.120433900314558251e+00,-1.135959527416946946e+00
-2.489671424232595687e-01,7.973432250130986221e-01,2.918558101279506989e-01,2.192661810184866888e-01
1.756575779026031681e+00,6.974767163731067088e-01,1.878995691404819812e+00,-2.659501956193194072e+00
2.365534680285467761e+00,1.573339883185535193e+00,-2.762175096566846566e+00,-1.462814285463671871e+00
-1.893134544506315908e+00,5.727821149584407801e-01,1.221137743835559036e-01,-4.623797455685260682e-01
2.612609924724046184e+00,5.244812181341076407e-01,-2.510926305657755542e+00,-2.031157901866934845e-01
3.152887208507457739e-01,4.601326546820615482e-01,-3.123702758436100790e+00,-2.365964888765400342e+00
1.935613626628975181e+00,-9.059863312801248458e-01,1.307848880493305943e+00,1.310511330056713719e+00
1.421493519126048044e+00,1.221776652430811128e+00,-2.300232272419128865e+00,-2.586707187461444457e-01
-1.043372690060348162e+00,-9.078221634949567020e-01,6.863551688515235893e-01,-2.779665265490749992e-01
5.390251296587005303e-01,1.153781062606290098e+00,-9.402632861605449976e-01,-1.488303295923057989e+00
2.498481571796437040e-01,6.644793141581414320e-01,-7.100652535147175537e-03,-1.941044229782523112e-01
-3.419308336336013276e-01,1.222391282822092584e-01,1.175154341188387797e+00,4.567614985534503291e-01
-8.380367406632210914e-02,2.378438977045925495e-01,1.045893528240046333e+00,1.267049723039241627e-01
-2.327071676168275260e+00,5.031493939747879729e-01,1.641516748462039377e-02,-7.081921486305470248e-01
-1.049922879842673407e+00,-5.565775924780359124e-02,-6.848715661044347813e-01,1.248005551071893482e+00
-1.569836181000999753e+00,-1.381267635568819430e-01,4.474509820510164659e-01,-8.294562318263087874e-01
-2.435169235635486373e+00,-1.444683882419663945e-01,3.358731794138445359e-01,-7.105528597256036694e-01
1.172142210943053486e+00,2.717197883541216073e-03,-1.086062764327738961e+00,4.516271279415661200e-01
1.757735359257264651e+00,-1.917514190805999219e-01,-1.014160121242969836e+00,1.384505430791098224e+00
1.620037225894411792e+00,7.052938712660988818e-01,1.013495869864589505e+00,8.292311267664966706e-03
-8.714013848653547889e-01,8.427161351692660229e-01,-1.954282227298086871e+00,-1.127354388534679286e+00
4.067032115718746788e+00,2.692935276146425583e+00,-8.952519749211503841e-01,4.697096315878859091e-03
1.179989007147292268e+00,-2.342682920235602539e-01,-3.551287316157610618e+00,1.666882869354465280e+00
-1.611938052923473919e+00,-1.899366044687116895e-01,9.089397306705003787e-01,-6.721175299346238141e-02
-2.912952227929397897e-01,8.109738827668410144e-01,-5.925248791759161193e-01,-6.472458108538151622e-01
9.132971988943058284e-01,-5.455891819618419875e-02,-2.989963003535959007e+00,-1.541173019472104055e+00
-2.574144658643771955e+00,4.476612181473100249e-01,1.561384175345319480e-01,-4.886432965876182366e-01
-1.585746475126562194e+00,7.857493924811324026e-01,9.350008583398016215e-01,3.792859711193910521e-01
-1.615361843831732092e+00,1.168112441464526086e+00,9.034562230448380804e-01,8.707207401264306368e-01
3.064856418964272411e+00,2.136777008461504757e+00,-5.792721261038964453e-01,5.004476649393888033e-02
3.931780831025358136e+00,-2.235314691623240535e-01,-2.367381694168498640e+00,-9.249316875416094819e-01
3.233950092770940254e-01,-2.610149668382241384e+00,3.312375842113494340e+00,-2.037938909098408136e+00
-3.746509588172338145e-01,-9.899368378619372022e-02,3.143331748485702071e-01,-2.149947285269980579e+00
-2.477221649124878300e-01,-1.896013260672570144e+00,8.877514471627482306e-01,-2.781984338982331995e+00
1.769466761254450127e-01,-3.015389198638872004e-01,2.782070182685914883e+00,-2.805624468282308381e+00
2.911855582852745927e-01,-2.837297696984756534e+00,2.523495986170023020e+00,-1.576227403507936886e+00
1.327277441868190966e+00,1.390101888300572242e-01,2.774386553748010353e+00,-1.701788609404757846e+00
8.008337637971314482e-01,-1.185164328498431008e+00,3.271247621472400890e+00,-2.382302433456771507e+00
-5.363741494197123982e-01,-9.974440965475604992e-01,3.599754604406220526e+00,-2.274826866199100905e+00
5.951945817151242935e-01,-1.809779210575788166e+00,3.026621217192300595e+00,-1.771093046850242603e+00
1.576648029302789356e+00,-3.261698911205790363e+00,3.031292268932052725e+00,-3.093492522522770738e+00
5.256208007128112536e-01,-9.035656125666301497e-01,3.604889606999230001e+00,-1.637471070075661617e+00
1.922076939111571514e+00,-1.176818088294041775e+00,1.416719369654324101e+00,-2.504274217317262519e+00
1.198803184316818538e+00,-1.555132708963585131e+00,1.597392584997400444e+00,-2.953688645696951554e+00
-3.499377541797096258e-01,6.147727808414128470e-01,3.845098051586940624e+00,-1.279910070670448041e+00
-1.256146393514845583e+00,-2.026230400744450488e+00,3.878863078805937725e+00,-1.525473077240164121e+00
5.202429037920082155e-01,-3.294247721560029429e+00,3.251078859220541961e+00,-2.440243872787569046e+00
1.578556786708443793e-01,-2.025258390160261435e+00,3.971821254517377664e+00,-2.011594643327112575e+00
1.067983663429766528e-01,-1.427116902264416787e+00,4.356944996850875995e+00,-2.616638445086946430e+00
-2.875684367943965314e-01,-4.520476814293685197e-01,-2.509021860230620238e-01,-3.207393649933889535e+00
-1.852694018221698657e+00,-1.954373223551881367e+00,2.537943059216349884e+00,-1.497781420021211618e+00
6.179180218931862312e-01,-8.844758092221668422e-01,1.187436929442309053e+00,-2.494765317450332365e+00
2.147499952555471658e+00,-3.626605376481885745e+00,2.525068503718085999e+00,-2.631625840789640236e+00
3.508742865155326518e-01,-2.514634419850084512e+00,1.027386317169212582e+00,-2.711995002787665143e+00
2.410858621393414669e+00,-3.562931000304442097e+00,-8.838947117341567905e-01,-3.240005537242695244e+00
-2.317650451054801941e+00,2.180639911926588681e+00,8.245846313525698745e-01,-8.106042202117357265e-01
1.151319925334519656e+00,-4.084201464247791513e+00,3.018518457116066589e+00,-2.528706384101810034e+00
-8.119299114557543273e-02,1.508207713712223397e+00,1.032058918432808392e+00,-1.905060780686037125e+00
1.806200655292132362e+00,-1.445791282807531442e+00,3.246074025483193015e+00,-2.969234823366482257e+00
1.171267903768893781e+00,-3.290765515546312692e+00,2.716866346927164333e+00,-2.497028680627414676e+00
-4.345140777271108146e-01,-1.358102249804730821e+00,4.054531267133461014e+00,-2.187328580950562262e+00
1.313859352875383468e+00,-3.743948201571459133e+00,2.572559124143978693e+00,-2.433881794237170215e+00
1.970242414053132274e+00,-4.089791767595598593e+00,4.210237849850564928e-01,-3.185777034896080551e+00
-2.118188408386888905e-02,-3.930748938545888471e+00,2.857482749820090540e+00,-2.433792739511890790e+00
2.180341771762807745e+00,-4.059430168251425997e+00,2.135625910186469856e+00,-3.048094206630138636e+00
-2.475631995420406906e+00,-5.113690812789674078e-01,9.689135173451383087e-01,-2.170902220508965197e+00
1.823150158621839934e+00,-3.499178563027098399e+00,2.991610578649082086e+00,-2.906165803418252036e+00
-8.627415629574985978e-01,-2.606773748991161543e+00,2.343563550812971741e+00,-2.076760900140513844e+00
5.222999520201029311e-01,-3.826167666939801482e+00,3.842781226983397858e+00,-2.401392984386978569e+00
5.455930807803898164e-01,-3.698963995573716357e-01,1.375543926447811760e+00,-2.536957388256973811e+00
2.455818286170582398e-01,-3.845462781093788251e+00,3.047664450603551956e+00,-2.136763070351045180e+00
3.374466691391106998e-01,-3.977356025842448961e+00,3.115290450152069734e+00,-2.140582479401298865e+00
1.625165577005547535e+00,-2.388428266591540616e+00,3.502993059301022338e+00,-2.789074500987081873e+00
-3.983670723651863699e-01,-8.337215555155763624e-02,-1.137969777066794697e+00,-1.782272834772682613e+00
3.036850384624281141e+00,-1.545265701608412590e+00,-2.463424909704922783e+00,-1.624473984017539729e+00
-8.420361687673721951e-01,-6.207266116056248118e-01,1.774307158504021764e+00,-2.810386958299387672e+00
3.937917953990982545e-05,-1.788355008828763193e+00,-8.993573260755527432e-01,-1.873089430324829774e+00
2.451745369676032182e-01,-1.300132805810661818e+00,9.434853138774067227e-02,-2.441438906899291883e+00
-9.645804939907384190e-01,-2.675632928861075399e+00,8.810336658904381890e-01,-2.298259613029812076e+00
-1.889967398057607717e+00,-1.527614050888668418e+00,2.871659412417837842e+00,-1.167854585267086964e+00
2.940523115042567026e-01,-2.536762979968812282e+00,4.449224903352636318e+00,-1.016795079774203137e+00
-1.731576632464511434e+00,-2.646384770425292299e+00,-1.217855751547670451e+00,3.042480744763464973e+00
-2.770181995981235712e+00,-2.781894669150548061e-01,4.590640986456245853e-01,-4.220443252681851387e-01
-1.618650070878153491e+00,-1.456228312075334763e+00,-1.246504195571513263e+00,-1.028855598312737651e+00
-2.841820470713698032e+00,-1.516129176804763001e-01,-2.288762423042149052e+00,-4.257422401483908492e-01
4.043308406694637869e-01,-2.963326872673348600e+00,-3.860129986050206963e+00,1.181413532139911515e+00
-2.294021057474539216e+00,-1.343938363093150734e+00,-6.902815541969198332e-01,1.306340321819901007e+00
-2.318428432225484226e+00,-4.373956448764720895e-01,-2.415906024755021253e-01,1.648561417036673582e+00
-1.267435103849112066e+00,-1.556869809835014218e+00,-2.709944255776812305e+00,1.164320199246874799e+00
-1.645967326054810664e+00,-2.125942453110737596e+00,-1.370399483473385471e+00,2.067120545992040537e+00
-2.930851636049741415e+00,-8.538509657794430829e-01,-1.908270278695010536e+00,1.329051626632217653e+00
-9.972171732371426511e-01,-2.342165618143311256e+00,-1.862362792143487322e+00,1.679385889931060749e+00
-2.006449609942368539e+00,-2.114713370747280496e+00,-2.140393586616525567e+00,2.439704854904914288e+00
-1.604072202167051486e+00,-2.170157706389699737e+00,-1.462633922450774282e+00,2.013524901581465798e+00
-2.450680875873207487e+00,7.376167207379323854e-01,-1.379360389297558775e+00,7.172119168445847959e-02
-2.337487700299305082e+00,2.613019785624410285e-01,2.389720864958332636e-01,1.120677919738628958e+00
-1.875025392863756357e+00,-1.060435418604928959e+00,3.113201674924092055e-01,3.647227005909937647e-01
-1.751451983462229411e-01,-1.597076217078787774e+00,-2.521064345916991911e+00,-1.855595213555719880e+00
-2.428142428195863012e+00,2.214426480431426647e+00,-6.524106986241687833e-01,1.327960791734934975e+00
-1.020019163991237487e+00,-2.746315119410030814e+00,-1.353083909981534827e+00,2.464590707481586485e+00
-1.187423552642192570e+00,-2.257377228453429474e+00,-1.442466396791188155e+00,2.468413899894590369e+00
6.866099064066407687e-01,-3.131249690083227843e+00,-4.078447911214885480e+00,-5.339366242526424333e-01
-2.220008291170262993e+00,-1.515760276007910023e-01,-2.074341456578804976e+00,-1.012718307658963202e+00
4.894267505770854010e-01,-2.523165005420612061e+00,-3.407386579901633183e+00,1.558593900877033867e-01
-1.662490320663302157e+00,-2.776303824080340821e+00,-9.602163977715988397e-01,2.951152600118529090e+00
-2.080115229215374839e+00,-1.225355470259607227e+00,-1.244631595433350224e+00,2.183896856295536981e+00
-1.443491778403467762e+00,-3.146247191733964499e+00,-2.965245976952032958e+00,2.707860927568032761e+00
-2.162434023937316763e+00,-1.066106687107520878e-01,-2.000053395944421997e+00,1.319686849136491036e+00
-1.434052832227919794e+00,-2.789070810170546366e+00,-2.483802333986716793e+00,3.200254873676708911e+00
-2.086798466544873332e+00,-1.539670960582832926e+00,-2.937657511969925306e+00,1.158542701193322033e+00
-1.957228468461351900e+00,-2.745289537766571364e+00,-1.579370721026806423e+00,2.879924323646201323e+00
-2.274498299058556938e+00,-1.892173151906267003e+00,-9.441089252161474210e-01,2.574219158903831683e+00
-2.389014075874951182e+00,-1.443577900781407797e+00,-1.557892782065902093e+00,2.454560763793338207e+00
-1.514040016013517231e+00,-2.412056058778809575e+00,-1.336944053150040945e+00,8.525016974998099739e-01
-1.285421184782035819e+00,-2.445668021338820886e+00,-2.207269345593590781e+00,3.313755581002848949e+00
3.285618664864125016e-01,-2.046905113659073017e+00,-1.043798962830960297e+00,-1.378139202551186049e+00
-7.548660815696893733e-01,-2.088237565834778042e+00,-2.713734830626747474e+00,2.829188893747601519e+00
-1.631842683242958225e+00,-1.042413251711965971e+00,-1.370637975412194898e+00,2.880426895572844703e+00
-2.513970068968530924e+00,2.029833144314580728e+00,-1.703428788844640662e+00,-9.581724149716066563e-01
7.658623244567145383e-01,-2.894630130423302194e+00,-3.307753045792215296e+00,1.939265544056712587e+00
-5.582254858023861788e-01,-2.932307601764417626e+00,-1.785391602631026142e+00,3.722516785749009127e+00
-2.351782632496694614e+00,-1.258938122736761311e+00,-1.128042548850743509e+00,-5.825031389063196618e-01
-1.777124600811952559e+00,-1.802451119251952338e+00,-2.166860327942986331e+00,2.799440959045108812e+00
-2.251089218543838477e+00,-1.329907826533788695e+00,-6.917077709798660212e-01,2.627341406161070925e+00
-2.861301286468070693e+00,2.920269827011081482e-02,-2.158728214253124111e+00,3.647402203111809738e-01
-1.312644640981081856e-01,-2.969154975195481327e+00,-2.288209819777558884e+00,1.164011630060819202e+00
-1.518111256129896836e+00,-1.927788528984831995e+00,-1.560478954238632587e+00,-4.167491526895903409e-01
1.575847046667473217e+00,-3.371908463362949693e+00,-2.698803367082253768e+00,-4.940283936330926995e-01
4.748298138286020410e-03,-1.515581044341700601e+00,-1.766297613088061214e+00,1.620605072106293010e+00
-4.305517175396824658e-01,-8.494207387431095269e-01,-3.315705866237003363e+00,-1.950327429391103928e+00
-2.645229149003783142e+00,-5.213371687750812944e-01,-1.668388573876839143e+00,-2.832840729063011986e-01
-1.563299196671021463e+00,1.749152022378456905e+00,1.729349175286490015e+00,2.481433446203553661e+00
-3.701196717480662590e-01,3.025798593181046936e+00,2.634010075279414220e+00,2.474436353341933792e+00
-4.447711275405770159e-01,2.109801535326800259e+00,1.181990467397983524e+00,2.015792245998314414e+00
-5.044265638441263189e-01,1.080285181085880009e+00,-1.468817878965380741e+00,-9.505216968856541881e-02
-9.831133681662985735e-01,5.491931693778782098e-01,7.030507888265732364e-01,3.677529994327402019e+00
-2.594874324328693693e-01,2.298917565373013616e+00,8.095686257448042600e-01,2.370514215898463117e+00
-8.808774083061767790e-01,1.186493707780085005e+00,1.117657860995622920e+00,2.435238209999665671e+00
-6.203966686926442042e-01,1.443833321246863699e+00,1.419221857794432218e+00,3.214822124204590015e+00
-3.069271673218575969e-01,2.825799904459472600e+00,1.147329495992428283e+00,1.118626749898473660e+00
-1.821980477473367666e+00,2.869241519545102648e+00,1.618233460046909045e+00,1.681257554631777396e+00
-6.459443917426685999e-01,1.611104245209312502e+00,-1.471046465565119643e+00,-1.193922105823390423e+00
5.915112566184236309e-01,2.195261245313306020e+00,2.678230321908937839e+00,1.101828352262974375e+00
-1.165707228263241912e+00,2.125722704158883036e-01,-1.039575403125905684e+00,-3.721958272161251524e-01
4.083651913284886970e-01,-8.008110158878126716e-01,-3.182512868768581082e-01,4.660225799491162779e-01
-1.302430891924248213e+00,2.572972231545605837e+00,1.858648996780212004e+00,1.483898056535521315e+00
-9.658113830017190926e-01,1.599522635284112981e+00,1.824133110340243613e+00,1.991158169540145684e+00
1.489931736540945240e+00,1.777844913854956799e+00,2.600420725999683214e+00,3.157617634132435125e+00
-2.317716342718201261e+00,1.698910099643435645e+00,-4.790914521246198987e-01,-6.985177340610584373e-01
6.696080547439258179e-01,2.395255151104426439e+00,2.245439158953555836e+00,2.769268479371421954e+00
6.682695044171116372e-01,1.233442681577711530e+00,1.820068784813401841e+00,3.609222916735772557e+00
-6.013096465485530118e-01,2.282787046255675634e+00,2.567299489401525303e+00,1.773919247669139887e+00
-1.848491405514312014e+00,2.333088599838803123e+00,-1.075430820993623221e-01,3.301236922801508711e-01
3.913746866634323363e-01,1.164279522735668371e-01,-5.090453041089866293e-01,-6.776101868308821441e-01
2.120149886570185327e+00,1.669601995083487722e+00,4.927262155438039137e-06,1.129393533249888115e+00
-7.507874497776180212e-01,2.179304829961172807e+00,3.013349421113722393e+00,1.700022964958905591e+00
1.217210558308613466e-01,1.899584523088258869e+00,1.935359125048501605e+00,3.791077018071434268e-01
2.621144258410405659e+00,1.107365219829804959e+00,-4.089022393576575709e-01,-9.162891283792076180e-01
-1.395458993760759547e+00,2.211241153543873406e+00,5.209208421495509223e-01,1.295460988050854689e-01
1.344906812523394279e+00,1.357834122777091146e+00,-1.928469331474039761e+00,-2.284069248388035156e+00
-6.684045628152756047e-01,2.031042458238743187e+00,2.527056413064209917e+00,2.932623956545112431e+00
2.213450312575300227e+00,2.172189390246651364e+00,-2.034084270877240641e+00,-8.660140706706348501e-01
-8.529830716575645955e-01,1.452894938274579273e+00,2.555039883350487706e+00,2.568270982885985099e+00
-2.241052935937263513e+00,1.865466525180602131e-01,-3.257326736920277965e-01,-1.062445594613911082e+00
-9.786983749126372256e-01,1.199677347823724372e+00,2.268828187237287963e+00,2.286847824966788512e+00
-2.382704257631903799e-01,1.540132057292754153e+00,2.297819147502186077e+00,2.858801857016477932e+00
-9.947087826701708213e-01,1.492497801491704301e+00,8.677809156550247982e-01,-4.905668863832582938e-01
-1.729757548908628650e-01,-3.938008226705224102e-01,1.801960246135276833e+00,2.813958269964120351e+00
9.126790229197134785e-02,-2.436378999206026130e-01,2.232887044513931496e+00,1.344939551520482945e+00
-2.106030000392923318e-01,1.987454750091261824e+00,2.464122341250997383e+00,7.999535657136329636e-01
-1.677673842041421892e+00,2.305567726268861861e+00,2.476589007005878695e+00,5.736738569120867215e-01
2.598527856456751550e-01,6.527323063785556156e-01,2.458843567519897189e+00,3.368425119191190142e-01
1.305187798444101377e+00,-3.964745731639153226e-01,-3.874227074466324861e-01,-2.071109186098073263e+00
-4.454529130729451558e-01,1.390954828902206897e+00,-2.347937088671572248e+00,-4.139204668261134423e-01
7.188593907897665725e-01,8.685773861398370377e-01,1.255531549514197431e+00,2.329894674026589119e+00
-9.166527183674021417e-01,1.987062567283077730e+00,2.792320958614365356e+00,1.749157421204431406e+00
-1.336183308809589521e-01,2.150659030331894872e+00,2.993612408029250549e+00,2.147306820766272217e+00
-4.125458511120291272e-01,1.909501882812511653e+00,2.092066001668992925e+00,2.166473489713020673e+00
-9.788061176112456963e-01,2.226571170567678060e+00,2.518078080668381791e+00,8.023395139275245613e-01
5.397007411159832069e-01,1.462286988023361989e+00,-7.579761320274028824e-01,-9.941459603913014309e-01
1.609811834723380519e+00,2.477650400046527146e+00,-8.376327279458911645e-01,-2.484758517652747578e+00
-2.063405201205253281e+00,-1.790665663319433554e+00,-9.868561481840747440e-01,1.147324723769095778e+00
-3.181641781059963314e+00,6.125250712110755780e-01,-3.380199810583066067e-01,1.200893119683186017e+00
-2.788963266965709842e+00,-4.617075894033429440e-01,5.531044522943536768e-01,7.075096976926551484e-01
-2.720312971230558041e+00,2.390462421075882915e-01,-1.232869789503567154e-01,2.202646567342599226e+00
-2.643981245153788517e+00,9.190970294457502243e-01,-5.054972635682074555e-01,1.148107546041783777e+00
-1.784822381572679362e+00,-2.249657788850160323e+00,-1.292246561770197699e+00,2.190278415436248682e+00
-5.928915089891639845e-01,7.511047907346245500e-01,-2.681829279217249340e+00,-1.347356279425410586e+00
-1.417837939772491618e+00,-1.909663478740134313e+00,-1.845437499031425288e+00,2.012004254954265825e+00
-2.888700254133481859e+00,-1.593842642435868928e+00,-4.156150890098096462e-01,2.065558900111784446e+00
2.589284389493520244e+00,4.042916127119099423e-01,-6.202312636470176388e-01,-1.406480307439833988e+00
-1.827429451253085757e+00,-2.940319871879704117e+00,5.755336062208876724e-02,2.979303308695447239e+00
-1.209039862391764614e-01,-1.705051814168316637e+00,-1.632357030527393560e+00,-2.876231016101686300e-01
-1.181441525416510263e+00,-3.196480235506630407e+00,-9.651393392147249450e-01,9.727485200586806213e-01
-3.195345320820711876e+00,-2.039694362201716626e-01,-1.123740658845487239e+00,1.106873476354783614e+00
-2.967242425743948697e+00,-2.159967263594197717e-01,-5.215647374861094310e-01,6.840577577509625584e-01
-6.430093511846602938e-01,-1.798484418485320591e+00,-2.854573682890701125e+00,5.916223621980986058e-01
-1.580337841429535040e+00,-1.596380453466922145e+00,-2.010511115158696072e+00,4.755037011378304146e-01
-1.499389885489087471e+00,-2.564316474067241280e+00,-3.548062661916795979e-01,2.812751346941029684e+00
-1.329818739399052152e+00,-2.184547009926568251e+00,-2.039013599917208097e+00,5.879932381741130865e-01
-9.906222098015206035e-01,-2.604395156083328722e+00,-2.197915900408935030e+00,1.838160129434291967e+00
-2.245661789279213227e+00,-4.285403900169101332e-01,-2.116309622924971379e+00,-2.835157406774572175e-01
-2.165428308370917154e+00,-2.422343796137787386e+00,-1.489094185333126097e+00,2.480516690402230662e+00
-1.912695283607434904e+00,-2.635296053536682614e-01,-1.055200407385547406e-01,2.954347239871208064e+00
-1.836638982955880461e+00,-1.092813929640657378e+00,-2.835971852968394380e+00,-1.244793090611652220e-01
-2.387233886567539098e+00,-1.052486364375863737e+00,-6.265042352585766805e-01,1.806612518962363412e+00
-2.232749716815896068e+00,-9.694656255063974770e-01,-8.806039181270043370e-01,1.282726893994383888e+00
-8.665602296709222774e-01,-1.397800411590345071e+00,-1.633820278546315841e+00,-1.761389910079650845e+00
-2.156662705796007273e+00,-6.500193412822584671e-01,-2.086323764050534546e+00,1.112591063477273989e+00
-2.672538573915772986e+00,-1.799105606518931033e+00,-6.747226511773674051e-01,1.031136743992220994e+00
-1.033944338446501909e+00,-1.356226165844530485e+00,-2.764690590235027834e+00,-1.805192651168415541e+00
-2.330557257936424431e+00,-6.614107076524425866e-01,-1.144424372406156909e+00,5.753031501477769982e-01
-1.847274257141237497e+00,-6.043426393733132285e-01,-2.722757700285240112e+00,-8.379496997434856542e-01
-2.475813525864594133e+00,-4.369549343160053501e-01,-6.162672821563801584e-01,1.001606052111700285e+00
-2.325499576004943947e+00,-1.029656019776013620e+00,8.118842404942534507e-01,2.683315295329437244e+00
2.132315237049334511e-01,-1.579206209609252287e+00,-1.680957529196831279e+00,-5.632836707123272113e-01
-6.381524471704291823e-02,-2.315955448629587909e+00,-1.181962555345915211e+00,-6.242121457435583221e-01
-9.483347531576949985e-01,-2.228634797963791048e+00,-1.405304878176074190e+00,-1.358962316087118372e-01
-4.973457030164648573e-01,5.781666885121264920e-01,-3.293193614343610243e-01,3.074775155147926764e+00
-1.331399817710010591e+00,-2.084011129170214804e+00,-1.193349599733703803e+00,9.906040351727198046e-02
-1.922058490949294596e+00,-2.558518566021155127e+00,-6.370855657047469478e-01,8.045640423924201867e-01
-2.192400149250325558e+00,-1.452921522210202099e+00,-3.810343758428745287e-01,-1.232488791121086058e-01
-1.101612675600146307e+00,-2.132671941185768638e+00,-3.398677149923673424e-01,-8.710154331803726668e-01
-1.331644658180840546e+00,-2.517493223947006253e+00,-4.200846883657923247e-01,2.648513212495543279e+00
-2.489466940083282065e+00,-1.378309685678464458e+00,4.018287207678277739e-01,2.309531837006771227e+00
-2.462678938326218425e+00,-1.710067584873654845e+00,6.267789205333565983e-01,2.469854887401366383e+00
-1.903607801893302254e+00,-1.489902163874027519e+00,-7.145996395391081280e-02,2.940083025740347633e+00
-2.382594108510218689e+00,-9.900885035753373975e-01,1.889509245686288308e-01,2.212041984475851208e+00
2.107292270236440015e-02,-2.657198829459184730e-01,-3.303603381893655655e+00,-1.779512577110566429e+00
-1.233161545371282974e+00,-5.185677762584485206e-01,-2.525367387882953008e+00,-5.833674105984832936e-01
-1.231452994997768835e+00,-1.126374911675297241e+00,-1.739476221273192458e+00,-1.324319461136748588e+00
