3.967523042611982742e+00,-1.156302110864009469e+00,2.338586513885766660e+00,-1.806926262282520179e+00
4.069220958236012819e+00,-1.391881709523527855e+00,2.053847305606326668e+00,-2.099604968904714042e+00
2.393304284741902599e+00,-9.403514271975754735e-01,2.641255078563705005e+00,-2.660177921961297098e+00
3.662272785840686051e+00,-9.541562970465874427e-01,3.521942174419678828e+00,-1.501373453986482032e+00
6.525338729667651272e+00,-3.561309112339127170e-01,-6.226669579581541880e-01,-2.933964605799024739e+00
5.189315207011373055e+00,4.116364087498516899e-02,-1.154219611965503933e+00,-8.470170441238447090e-01
4.715932825789535876e+00,-1.015743894562760152e+00,7.871255070711898894e-01,-2.976377364183835361e+00
8.079011813614815907e-01,-2.071288149965282877e+00,-1.909550670343318046e+00,1.320800062232708516e+00
4.830925863443512824e+00,-6.036704633341042348e-01,-7.476023723123509379e-01,-2.303742422515595134e+00
3.314759579530877520e+00,-1.631494255247512681e+00,6.776005045141408889e-01,-3.034946080915487343e+00
4.180433643020191603e+00,-8.750295360609035011e-01,1.480434653714350901e+00,-3.592122828452697370e+00
4.616591825928941795e+00,-1.339102492136735156e+00,-2.494423865101095927e+00,7.385204049886496813e-01
4.846456077724386802e+00,-7.274460250848375775e-01,1.394230725446339525e+00,-2.350490791088660103e+00
1.757964865872708060e+00,-1.633653636679995191e+00,-1.439913290898929832e+00,1.863785037296356695e+00
5.376724427641988768e+00,-9.990318700736668112e-04,-1.104278257603074215e-01,-1.185014528889668073e+00
3.106962189274504738e+00,-1.074372887746795513e+00,-1.232407357394438852e-01,-9.794888572207799404e-02
5.378660298489193359e+00,-1.372710488740731982e+00,3.331791694397308490e+00,-2.805228443180053599e+00
6.045502890288527276e+00,-3.069060543799194463e+00,-1.584297879153024002e+00,8.589513398418479051e-01
3.015899887433038273e+00,-2.168362761892582424e-01,1.981349800925360782e-01,-3.394351440808587861e-01
4.010970900769798675e+00,-1.222424767176692351e+00,7.181466309039946649e-01,-2.365804658833606577e+00
4.790557199827881085e+00,-5.414192435058341468e-01,1.427774976609429647e+00,5.639868245425553317e-01
4.317353685426677856e+00,-1.481355233650455627e+00,-1.967129173519281293e+00,-1.257395438387845399e+00
5.184676886872122026e+00,-2.645193545849705341e+00,-2.588666302487443005e+00,6.661892310770695103e-01
1.091708038979416262e+00,-3.268829945690412964e-01,-1.497368491507087507e+00,3.534496640397854494e-01
2.379108691044030000e+00,-3.611317994141305388e-02,-1.857244826144837768e+00,1.541835023748014573e-02
4.135905322951936469e+00,-6.792327042097445755e-01,-2.708525215296046618e+00,-8.925513921116420835e-02
4.416377180873247710e-01,3.007898020994695387e-01,-1.699254542697842263e-01,1.163798105647075865e+00
3.511795295035734288e+00,-5.060910387366426288e-01,-8.475590814848144028e-01,-1.672616645731176896e-03
7.351858441462566507e-01,-1.181606731810484590e+00,-1.989718185342297163e+00,5.506954994566303219e-01
3.638955440534729746e+00,-1.655306282195335488e+00,-2.376036060458951660e+00,5.446321535539165870e-01
-3.542939502186849277e-01,5.098092136427448962e-01,3.194723553452740172e-01,1.676969825295098193e+00
6.763495786904301532e+00,-1.839767444345995706e+00,-8.266174867778020019e-01,1.748944124499912212e+00
7.659008150326715558e+00,-1.867291248858081287e+00,9.213263854588430446e-01,-2.110616108793125778e-02
4.465672000624879345e+00,-6.763515633258775361e-01,6.642943793036873434e-02,1.319754869342923298e+00
6.702733319769730969e+00,-1.940865039426989735e+00,2.482661757117923695e+00,-1.619710739429778057e+00
4.483296298075985398e+00,-7.536080765750944321e-01,-4.005593226336739282e-02,-5.807760197152466164e-01
3.655658767554609057e+00,-4.417337709457639927e-01,4.439438067460643178e-01,-1.224237429978797920e+00
4.501198989654362492e+00,-1.363657877992441980e+00,5.261610790816839689e-01,-1.994130223078934616e+00
6.239674490373553262e+00,-1.771630371814056693e+00,4.251269858425851034e+00,-1.442240131942641446e+00
7.384298973997895921e+00,-1.113177538691860091e+00,3.724175726139331566e+00,-1.156829014474629380e+00
6.867465474654208535e+00,-2.072252892314498496e+00,-1.204443004570883824e+00,5.688109033062758169e-01
5.522333368515685237e+00,-1.261569700725828191e+00,2.125838494538008216e-01,2.964717550614520136e-01
5.025589227372801560e+00,-1.901598462300513326e+00,-1.880590430254120760e+00,1.792137176884390337e+00
3.930839507087489526e+00,5.185101654902514179e-01,1.119179268884102241e+00,-4.342430648458436293e-01
3.678456140750920422e+00,-1.164834982926786777e+00,2.647680866727888382e+00,-8.302330107506072920e-01
6.789644653699118848e+00,-1.679766474573402002e+00,-2.360049064489506243e+00,4.595707874460129849e-01
6.110936680528761045e+00,-1.016828706531839321e+00,5.517987232589188773e-01,6.083323454814114351e-02
4.452878092312637648e+00,-2.082186366799729793e+00,-1.996208891795036466e+00,2.611526046709163662e+00
3.702378220122917618e+00,-6.446641771633367934e-01,3.174447875754454085e+00,-8.423048186402263271e-01
2.097915485982542627e+00,6.065447398465702022e-01,1.693279825567961527e+00,1.148664381358428743e+00
4.967253383485106255e+00,6.075043367013431561e-02,4.499121541414106140e+00,-1.173043078291459596e+00
4.255029950279109130e+00,-1.902741233294062750e+00,-2.524999200327425530e+00,1.204178343737130952e+00
6.036728080003850749e+00,-1.445908626030666166e+00,-2.045772969590290646e+00,1.126563324745008199e+00
1.112940311158612472e+00,6.919015404592280261e-01,3.530115377018660627e+00,4.330675272262355380e-01
4.237292750847577949e+00,-1.568670145501389168e+00,6.329563292204046787e-01,-7.450521802552336759e-01
4.624835309993041932e+00,2.859802220583748111e-01,3.476051867734367917e+00,-1.837252443909338506e+00
2.632643760031101898e+00,3.962681005039853099e-01,-1.471646986429826942e+00,2.816410132787929288e-01
4.131850765473304321e+00,5.760378744254989192e-01,-2.220090264706408245e+00,1.452014569191653726e+00
2.765597909693472189e+00,-9.888425746176118247e-01,3.894655946176505790e+00,-1.570360138501282199e+00
4.215474632333956251e+00,-2.285933802310903540e-01,-1.683482340897841878e+00,6.883015863563166636e-01
2.686017562098122813e+00,-3.271969614544161242e-01,3.272774734366330485e+00,-1.964473745978752017e+00
4.714675596584543271e+00,-8.367385207871249619e-01,2.740178752576664767e+00,-2.241681305848117312e+00
4.503458912294821204e+00,-1.310552078761190453e-01,3.176373745209725374e+00,-6.863411132134372705e-01
2.651090601639959576e+00,-5.171276112910221379e-01,-4.398530179479527846e-01,-1.421446946206615047e+00
2.289357391396455110e+00,5.572154850709046814e-01,1.972231064811142964e+00,3.902344658682557199e-01
1.593409306602761921e+00,-9.430855891977842076e-02,3.588863965187734095e+00,4.251574183788350281e-01
3.610012022021562572e+00,-3.099253078045491883e-01,-2.830542458741181377e+00,1.829411048239717008e+00
5.283815616550867844e+00,-1.660450003364487781e+00,2.620773124663488662e+00,-2.387531376995839949e+00
5.304604997739992278e+00,-1.117816529499501721e+00,2.184429205332424129e+00,-2.483356306469619135e+00
4.634743701959390449e+00,1.449498584389318223e-01,-1.386306444663626958e-01,1.032478076927796584e+00
4.652439894373246787e+00,-3.229829383754875827e-01,1.476344298788425213e+00,-2.267334750476941885e+00
2.006361172176413632e+00,-1.242534573611568050e+00,5.429390013945587512e+00,-2.238023399458618279e+00
4.521255156806548214e+00,-1.990315768567855192e+00,2.333166551853505410e+00,-1.483096342878359009e+00
5.494558232662769548e+00,-1.565844833570255723e+00,3.219262528685873370e+00,-2.262214205863824823e+00
3.828457711820528964e+00,-7.130956885010437674e-01,4.401326724750748376e+00,-2.090709859182551700e+00
2.028508097426188428e+00,6.423667357501161579e-01,1.229589685686697464e+00,-1.108196308051130341e+00
5.221378328512501277e+00,-1.648997678901770847e+00,3.310058699675298755e+00,-1.801546353401070055e+00
5.016194340925315132e+00,-1.444381943127816648e+00,2.349538035432256144e+00,-1.386361475898474804e+00
4.140789589230266188e+00,-2.768922971929530519e+00,-1.028449938399698116e+00,3.207521854259315353e-01
2.883904110047400327e+00,-3.408672483216815818e-01,-4.705160185882757973e-01,-1.433153977338002871e+00
4.142798332676682627e+00,-4.965065983044829045e-01,5.145251558072538423e+00,-8.229937747864394249e-01
4.157895083978732309e+00,-1.123967476872856697e+00,3.198444565823293395e+00,-2.790764059083632453e+00
4.862369800708507661e+00,7.154594059223312597e-01,3.809166584306873826e+00,-2.963087668972202327e+00
4.778221583612237033e+00,-1.641940632299028868e+00,3.068144520840465184e+00,-1.094565157036624825e+00
2.649333327956703510e+00,-1.307715605762511446e+00,2.533773576220284429e+00,-1.548193884292710099e+00
4.345543099774285878e+00,5.767146631190829265e-01,-2.388852274314817059e+00,2.215180515445300369e+00
1.657133474772418902e+00,3.636909547803313658e-01,3.996352101244726729e+00,-4.346681284905830056e-01
1.276176600042332021e+00,1.489308546967867408e-01,4.461726344046591741e+00,-6.672458381700251406e-01
4.510947588375921136e+00,-9.871005302427160455e-01,3.178441612379535375e+00,-2.076379268495241348e+00
-3.342149166543813277e-02,-7.702574392723172958e-02,3.352120845520648817e+00,-3.368058642225621457e-02
4.584262237372189297e+00,6.977785446242182887e-01,4.013391447146917201e+00,-1.713277342213932242e+00
2.758351764592234634e+00,6.168377197414028901e-01,-6.990772304812716831e-01,-1.214818914778105885e+00
1.227604298515160508e+00,-1.093607807998243087e-01,2.768371182133924524e+00,-1.710848293031761669e+00
1.782301459793457887e+00,-5.373225990094300242e-01,2.758311624655023664e+00,-1.199158679594738874e+00
2.133986660090839926e+00,-2.378097398775398663e-01,3.989051656357923914e+00,-1.414302545660491628e+00
1.739841598189176830e+00,-1.788627898606029720e-01,-2.371870217256839108e+00,1.031728934066182823e+00
2.056496811867047914e+00,5.767440840283752368e-02,4.551003761529611502e+00,-1.159182119143859602e+00
2.606960771428405099e+00,-1.770891857490846169e-02,-2.493026759858555097e-01,-7.905155603563794875e-01
1.039382788317031014e+00,-5.859098128168408470e-01,1.875779588404592468e+00,-1.401105640481387082e+00
4.461223217000024555e+00,-7.534118692883220447e-01,-1.540702820477122037e+00,1.252159511078088094e+00
2.546632545072023746e+00,-1.905204405830734471e+00,-2.268933645023152756e+00,2.252325903690700404e+00
8.261874023725624960e-01,-1.353387359203954032e+00,2.259934053978278179e+00,-1.036100788477499535e+00
5.706329168626803394e+00,-1.202424369850980890e+00,-2.215805949224101123e+00,-1.070241790724667297e+00
8.581527132348412135e-01,2.661507399458692413e-01,-2.246612577388852561e+00,1.082078904378158679e+00
1.419209728355726119e+00,8.179753620524493618e-01,3.836606300137097025e-01,-4.844528828617694627e-01
4.061387986625684121e+00,3.192933123644442484e-01,-3.051294206209069326e+00,3.346983460395450694e-01
5.479280274523135041e+00,-1.936154001712005579e+00,-1.171110298617315637e+00,-5.883581967743441998e-01
3.489955543853763498e+00,-8.657764680205727315e-01,-1.038043655361917950e-01,-2.247819575861404739e-01
3.199666055004434906e+00,-1.203842455026045810e+00,1.218200730677805987e+00,-1.616723196436105736e+00
1.597401801769524621e+00,-1.453887042444272915e+00,-2.307445605916167874e+00,1.628054700875896321e+00
3.611210573681424396e+00,-1.177240633367244271e+00,2.972798704439859829e+00,-1.871233067039280051e+00
2.224187321274914808e+00,-5.841044172254692413e-01,-1.713834472510687545e+00,8.368183128477578725e-01
5.150347643754767946e-01,-1.752362719718101980e+00,8.580341889086269269e-01,-1.905872751977730983e+00
4.884694039181360914e+00,-1.688339284920035821e+00,-1.025043627307452576e+00,3.281558191611964603e-01
-1.315277061438142603e-01,-2.351870453885681889e-01,4.911785027513073526e-02,9.816113734716637451e-02
6.003039110525394406e+00,-2.595948466165043725e-02,4.724221576272971568e+00,-2.341519222293924507e+00
4.251401867940454160e+00,-1.953708483922158845e-01,4.448659286747258079e+00,-2.295598174854181384e+00
6.070281663840704667e+00,-1.471723063846106516e-01,4.315962443780878566e+00,-1.568520616677698598e+00
3.397195080919083843e+00,2.731024982401405454e-01,3.065336754263404906e+00,-1.600394119394103587e+00
3.530182841969322194e+00,-8.015359956495373694e-01,2.521399343306023777e+00,-1.883428172573617276e+00
2.739740421090196776e+00,-9.172711292308368680e-01,-1.020696068796415501e+00,-2.454937099385353427e+00
2.675435039625166045e+00,5.887172760885129863e-01,4.112215150176205647e+00,3.712396360823928543e-01
3.493433472225121239e+00,-4.095806513502215362e-01,3.988725098458252294e+00,-2.807431866584169100e+00
4.158498769043045051e+00,-6.019014436179879191e-01,4.662277090585158490e+00,-2.650156990787649214e+00
5.158889578793971253e+00,4.212545993725296811e-01,2.936765872327429694e+00,2.249802189606388225e+00
7.954434768894459218e+00,-1.072636479640372897e+00,3.113720779083585466e+00,-8.964670142459443269e-01
5.012842288802220381e+00,-1.167947958136495767e+00,1.034776312088279103e-03,-2.568945338777716358e+00
7.351024582249149120e+00,-5.260242650507461759e-01,3.400967750308286242e+00,-2.737898190076595739e+00
6.999532003994471729e+00,1.183619499858284616e-02,-4.872143724684161598e-02,-1.364901768390563985e+00
3.110644833157709233e+00,-3.267367310178441731e-01,2.736698692141314115e+00,-2.265460424085965929e+00
4.197955781592126456e+00,-8.154018297431298024e-01,-1.509672803402101859e+00,-1.409813456630382822e+00
2.319286012242655293e+00,-7.186972078177202850e-01,4.055001719925190429e+00,-1.758613479796837797e+00
4.582399867484761025e+00,5.446064818340867753e-01,3.986326200588229618e+00,-1.649414685416738857e+00
1.176207227411513623e+00,1.819709115709595926e+00,4.017666604893210369e+00,2.164210803996055588e-02
4.016956716506108194e+00,-3.019483990659567185e-01,3.877047360908831397e+00,-2.005917382466309906e+00
2.074487842972715157e+00,-5.211607332629867306e-01,-2.732983367582091816e+00,2.124162524956319853e+00
5.126623910124484595e+00,-1.114842809960069125e+00,4.048618495982173826e+00,-2.510222472446952846e+00
5.592117985229693389e+00,1.146097577115293475e+00,2.721676116559091252e+00,-2.820387867066364684e+00
5.595623377075224170e+00,1.864210526148683877e+00,4.176706888962584685e+00,-2.139015853331910633e-01
6.737546033167611803e+00,4.177676546588267592e-01,2.088473672056120556e+00,-3.446486236551251192e+00
4.054020095247361510e+00,1.197298287589393384e+00,3.883499477182356774e+00,-1.329369362365698803e+00
5.445571388053045858e+00,-7.058439739926805068e-01,-1.700855955104062955e+00,8.024878000997864858e-01
-2.103902979784222360e+00,-1.480615102973253272e+00,1.158951360032021816e+00,-9.547737229591619634e-01
5.595566016803011244e+00,5.830599840823690316e-01,4.974114262328373393e+00,-1.542614745939619780e+00
3.601162243580454447e+00,-2.133453391020883050e+00,-2.043932127038378344e+00,5.209001641905731672e-01
4.567672053667732435e+00,-1.854832534344545980e+00,-2.786988087880919895e+00,8.730299929329895514e-01
3.758625945302767946e+00,1.531081550467383368e+00,4.120841033362314221e+00,-7.348921931432105259e-01
4.566136637973844614e+00,5.649361365313245731e-01,-1.177673562015915332e+00,-1.301612894787553820e+00
3.027001628853692505e+00,-1.720215601434022190e+00,-2.740815762605168349e+00,9.268984624022967855e-01
4.022190126299208579e+00,-1.673681579013606813e+00,-2.223942993113508404e+00,2.737285166228086819e+00
4.317849094193873527e-01,-1.237138827882004799e+00,-1.652218077350246173e+00,-5.553666953106887183e-01
4.637760981357463841e+00,-2.591361158090625949e-01,1.984787196813522225e+00,-1.893197231668508618e+00
3.626335166150213674e+00,-3.019209883788764315e-01,-1.251791545658383686e+00,-1.425606742576441821e+00
3.419527670347048520e+00,-1.060313544221252569e+00,1.097788541941741025e+00,-9.535838560140893483e-01
3.607741321174392723e+00,-1.811373924044535899e-01,-1.365138719486612029e+00,-1.253604777168079387e+00
3.834257387693447594e+00,-1.739037712305438577e+00,-1.866558695098251286e-01,-2.971017894206812393e+00
6.089719983788467239e+00,-1.226693975249379509e+00,1.553944447979313637e+00,-9.810283292364084806e-01
6.212301728442686688e+00,6.653913127357493629e-01,3.291872669185818889e+00,-1.060239398249229525e+00
4.339554295144750995e+00,-7.316841373113706082e-01,-2.853554068670143273e+00,2.172728217936383543e-01
6.136283675078393784e+00,-4.712858894849019098e-01,4.854490251432645453e-01,-9.910860154764619123e-01
6.710495762872461079e+00,-1.099812436396859328e+00,1.798196124503919358e-01,-1.347608833160681030e+00
4.552501740538357211e+00,6.304041473872930013e-01,2.795264616380507494e+00,-2.539111302855895591e+00
6.171547135877965218e+00,-1.433017736249257990e+00,-1.584488717921386902e+00,-1.677476359720242671e+00
5.256166492078547137e+00,-1.576412612971973326e+00,-1.321604983050534088e+00,3.707660454209611434e-01
4.511950574012635329e+00,-9.557836864576420011e-01,-1.591572092922830084e+00,-1.098370108613938356e+00
5.194425921417087366e+00,-1.383714898549156080e+00,-1.528509155254648588e+00,8.822726477477934592e-01
4.567898270252001680e+00,-1.855801791490288455e+00,-1.367726910858807265e+00,6.313513755593408439e-01
5.275808073156182942e+00,-2.079081126354884290e+00,-1.470096625488051423e+00,-3.811103368128764268e-01
5.602328597892444861e+00,-1.581302465809248714e+00,7.791439903861954175e-01,-1.100386272359972217e+00
2.642668315616960140e+00,-7.190805451993076414e-01,-1.075098464223238182e+00,-3.442661352564782562e-02
3.049662376314786982e+00,-2.393670971963959282e-01,1.384042545699426974e+00,-8.491981557664876057e-01
3.283973077058725210e+00,-1.903065046597788967e+00,-1.977920857631029872e+00,1.522200507723461049e+00
4.298138757897389084e+00,-1.255834844785602922e+00,4.667703618997291470e-01,-7.704814127441615978e-01
5.704965051967189282e+00,7.768757415479705664e-01,2.145400198654317858e+00,8.692722759906534868e-01
6.406073420007128760e+00,-8.355759589399360809e-01,4.084952129665744835e-02,-1.781414680072701984e+00
6.903640070682154573e+00,-1.436182671908384778e+00,8.827511985521935278e-02,5.548871355703420827e-01
5.072078443865205344e+00,-4.839741368199367288e-01,-8.757097402363059890e-01,-1.034060331108754172e+00
7.514087933189590451e-01,-6.179769171628525515e-02,-1.005719227698268936e+00,1.707936030704635177e+00
4.904954791286670890e+00,-6.115796834409061022e-02,5.194249344259348478e-01,-7.110048175582089902e-01
6.863481432924222858e+00,-9.596661168509122986e-01,1.908788115241300209e+00,-2.893198873616000810e-01
-2.902152133982299764e-01,7.260478301290634873e-02,-6.451292859270690849e-01,2.966817399326754368e-01
6.220677889826242257e+00,-5.129952279251475122e-01,1.013803784565015187e+00,-2.423412098318324048e+00
8.256783043138553602e-01,1.311334190729645632e+00,2.007923840559147632e-01,2.385896746472060848e+00
6.657355648342303311e+00,-1.604983446590722007e+00,-1.975476283746699702e+00,1.234144546677940157e+00
7.129159629889438854e+00,4.101635436967405735e-01,1.743400645700019513e+00,-1.894104232155231715e+00
3.901587094444356030e+00,-8.544279276514921140e-01,1.281634116458884032e+00,-4.623218014904735274e-01
4.088904837131138947e+00,7.459623040341477607e-01,3.798111982146474386e+00,-1.158335353466018347e+00
7.606679268717667419e+00,-1.689790939680468229e+00,2.886923043536722133e+00,-1.664821481324259667e+00
6.185777199793173864e+00,-7.099048311022315705e-02,9.287229674738252116e-01,-2.295186890403367652e+00
6.454845849501817057e+00,1.230275889003271395e-01,2.659704856511921900e+00,3.844815825733018944e-01
7.781207220888129328e+00,-1.074004468856744943e+00,1.538386633820758576e+00,-8.301818112191198251e-01
7.952933365620304507e+00,-2.290562147672865034e+00,2.571739575142161893e+00,-1.340641831480623880e+00
5.143576170714759144e+00,-2.295242442666162452e-01,2.860780502144459003e+00,3.979818089048834384e-01
4.033697205195709401e+00,-1.592843487961816740e+00,-1.288602158156159083e+00,1.780613238230714490e+00
7.084778203699992893e-01,-2.818870159000878006e-01,4.196240338241584156e-01,-7.116407616251708701e-01
7.217521064367260486e+00,3.889174321369620047e-01,1.415248073533877493e+00,-1.703826484786389872e-01
3.735301262877984030e+00,-1.964996788288926766e+00,5.515711262881114463e-01,-2.465862024887596426e+00
4.271794057163076808e+00,-1.231493450198455575e+00,2.156827498283930833e+00,-1.053488133980222452e+00
6.432001877904247600e+00,-1.164490107899600169e+00,-2.805609334269545396e-01,-1.734708096216778683e+00
6.391557711481902437e+00,-1.882880627744319968e+00,3.635408768500720395e-02,1.098243329980486301e-02
3.800743448909558175e+00,-5.920311125245288075e-02,-9.584528642161392886e-01,-2.322231439317823387e+00
4.597895708715396879e+00,-1.418291573481191392e+00,-1.901740005400447187e+00,1.181829323178678948e+00
3.924727506813889377e+00,-2.367535043647848614e+00,1.337655987815710601e+00,-2.571782281909674062e+00
3.755494874555987295e+00,-2.083809755871977920e+00,8.447391380044103615e-01,-2.311414883486551552e+00
6.457207313518771308e+00,-1.574715233792252089e+00,-1.171195655297466276e+00,7.358608404779017897e-01
4.877836110259471170e+00,-1.279911306267017101e+00,1.887072925014393610e+00,-2.217397363984912939e+00
6.451478801198748947e+00,-1.121418627010947633e+00,-3.354477426774829518e-01,-2.223156560347345767e+00
1.128954533898542056e+00,1.003240788504835779e+00,2.332808092152822255e+00,-1.433820558200998629e+00
5.175822640010808939e+00,-1.374121048315747329e+00,-1.490430092556050301e+00,-7.274348936827269574e-01
2.408933431567481964e+00,-1.195692006502317772e+00,-1.548268747096962272e+00,-1.622445638873876439e-01
5.098862317030393498e+00,-1.750625803329744212e-01,-4.686442107430290882e-01,-2.407345126438131366e+00
5.795438871046824758e+00,-9.064337585584471002e-01,-1.301094685966806885e+00,-9.434707821097610969e-01
6.272667737663614851e+00,-1.330706565432562716e+00,-1.916839787304149167e+00,-4.383247723106867277e-01
5.872071837678210393e+00,-6.983631922214258436e-01,-8.300975438224688085e-01,-1.032295674599157609e+00
2.350024713778975816e+00,5.253520447967993112e-01,-8.967828370229911084e-01,1.883586077750793175e-01
5.430151191593783011e+00,-1.660098148231050841e+00,-2.032287529150933469e+00,8.888293143626017079e-01
1.062182769724672626e+00,-6.910467458443654287e-01,-1.670810721256121845e+00,1.550944620460070089e+00
4.555395500187165325e+00,-7.250594981633450009e-02,9.366665109170083103e-02,-2.530450509486221744e+00
4.804748385223413187e+00,-7.855411782867647297e-01,-5.290274058290670434e-01,-7.177482459398577541e-01
6.119272552713098001e+00,-3.048762562228828910e-01,2.979342038671208392e+00,-1.202412535173537744e+00
2.862895350079711854e+00,-1.831860554179697509e+00,-3.379455683595009141e+00,8.981850852616758418e-01
1.035619768577086930e+00,9.031883037648417156e-01,-6.042168843293243413e-02,2.901556305792333035e+00
5.079747925871161307e+00,-1.154850550019637767e+00,2.947376691367209922e+00,1.281138826070548353e-01
4.201275924846091137e+00,-7.021988320422627439e-01,2.139753665989722720e+00,-1.180205061396812916e+00
4.277947786458682344e+00,-1.885126399402980990e+00,-1.823109835476962370e+00,2.940403754936430580e+00
4.201856030627918237e+00,-6.275071137083824135e-01,3.356204227894671099e+00,-2.407447765222002489e-01
2.976113898098436295e+00,-2.843709204559616288e-01,6.968800098932841358e-01,1.328459527255206662e+00
6.624029256316552150e+00,-5.697504732776103031e-01,3.185135437456507290e+00,-1.811233508576608253e+00
3.373340430024487802e+00,-1.057627596003152037e+00,4.451731488018702443e+00,-1.164441120425822263e+00
1.598771952484805192e+00,-2.479792173637422603e-01,-6.586685821985082123e-01,1.911943607065371420e-01
3.320112450339204546e+00,-1.316821136346715271e+00,3.148216773610653441e+00,-1.426964921697265076e+00
5.304553751952464147e+00,-1.393970224619391463e+00,2.031598402559307903e+00,-4.430730395389241849e-01
6.613221381793476183e+00,-1.410194739192740521e+00,1.111212037865815017e+00,-6.373679442191665379e-02
4.488413840329977589e+00,-1.246936305669657408e+00,2.334253425631547252e+00,-2.746351857939576036e+00
5.185352034089961926e+00,-9.998851135603720186e-01,3.310906947137449152e-01,2.079964695219767457e+00
5.468245029545840907e+00,3.452824100972034516e-01,3.269298356919710269e+00,-1.383102326258768722e+00
2.360645814547972066e+00,-4.968750293763540826e-01,-2.809502371258115527e+00,1.253220601079397145e+00
4.915216683355652982e+00,-7.037702379800416796e-01,4.328689643288633704e+00,-8.335609540512350923e-01
4.212011692867285717e+00,-1.325907910049801464e+00,-2.014083604799603133e+00,-8.134568723807124035e-01
2.355573580110810195e+00,-6.528860413222300485e-01,1.819502339049318129e+00,-7.777416193224481189e-01
6.334823499351227127e+00,-4.321207752947057168e-01,3.836148631036842893e+00,-1.491258925260828816e+00
3.333361241223200544e+00,2.954470935788192087e-01,4.326895193408511808e+00,-3.905722096262933540e-01
3.063102518411207065e+00,-2.347998607208906297e+00,1.759590691105086036e+00,-2.921004262683346120e+00
4.054303199453184625e+00,-1.016254191797289597e+00,2.043716744271033559e+00,-1.931459188291838824e+00
4.148122917652301567e+00,-1.214834472643588070e-01,-1.413656300159114920e+00,-2.134525580464471162e+00
4.323801733427310445e+00,3.443667234328059990e-01,1.050354416598395568e+00,-1.555647711085638374e+00
3.453549149062263623e+00,-1.212683473048199179e-01,-2.597080433557767076e+00,2.199610520308545425e+00
5.302752768628208102e+00,-1.545573016373701369e+00,1.917620533855448617e+00,-1.819775575679056123e+00
1.840384051844480506e+00,-1.492409653275346137e+00,-1.658701431642623181e+00,-6.634337926559804588e-01
2.743123916132053086e+00,-1.444176917995112219e-01,1.440674525024717489e+00,-1.790081471449812112e+00
4.015473709366728094e+00,-4.451970160632016671e-01,1.590323336562406542e+00,-2.588121570675648631e+00
5.958317787567851020e+00,-8.107324989794413295e-01,2.711583466615207438e+00,-1.205521330323777063e+00
-3.133831515958366065e+00,-2.381165557763794016e+00,1.073142117685876862e+00,4.152087707780967030e-01
-2.849074449939505094e+00,-6.156296526960404192e-01,-9.732972064022928915e-01,2.838593232982612458e-01
-3.407477529570531960e+00,-3.197927760754822879e-01,-5.232059966085985669e-01,2.980777883916773674e-01
-3.388469043332555941e+00,-9.010274497492942736e-01,-3.868211163869031965e-01,4.610536094982369826e-01
-3.167510874455572889e+00,-2.069488278175923845e+00,9.369613959556167826e-01,5.232828523130379494e-01
-1.051732225345820559e+00,-1.131188985787247470e+00,1.147686339743197337e+00,4.039711404557945196e-01
-3.895312543091483892e+00,-1.360353748248124273e+00,-6.934982631899686001e-02,-1.180368048475714526e-01
-3.041663742973161000e+00,-2.937145110112967306e+00,7.992814468487243751e-01,3.137638453781714798e-01
-3.700419903490638429e+00,-2.067743415628646275e+00,5.471406055126889489e-01,5.980584786317690860e-01
-8.879174285885911289e-01,-2.018255768973217901e+00,-6.036898725593105031e-01,9.503636904406442820e-01
-3.632023317120408379e+00,-1.147050457924171596e+00,1.274825052278309723e-01,8.458180358936540078e-01
-3.413342972543449871e+00,-2.849710440171894898e+00,7.175371344328395073e-01,7.633591271329673300e-02
-3.537585234210947505e+00,-1.923442537536590891e+00,1.324800548032299519e+00,2.619444654196941835e-01
-3.638667406891724632e+00,-1.564654874997686740e+00,4.220791909781841933e-01,5.197284205364136600e-01
-3.399775804130016787e+00,-1.176380030027229795e+00,-7.112915521900339821e-02,5.696532508347011969e-01
-2.814570190355583090e+00,-1.314053753600373520e-01,-5.763261214567070301e-01,6.259313314532135575e-01
-3.442737903851072367e+00,-3.228150475189635493e+00,1.314732072342124747e+00,2.883208027052417410e-01
-3.905086961820342317e+00,-1.081162335133702745e+00,1.020855080963999767e-02,4.131187910578193456e-01
-3.065925765502592437e+00,-3.536822471829616177e+00,1.343016781890191691e+00,5.875958392852532741e-01
-3.642273574793877700e+00,-1.394857666313822797e+00,-1.825030534791516057e-01,5.809730527249203913e-01
-3.620687415411755872e+00,-1.776187706654722032e+00,1.816373727507131497e-01,-5.362140491250456664e-01
-9.044119797285499196e-01,5.956032448186190376e-01,-2.822258554782610229e+00,1.061769875727296863e+00
-3.442070987031286666e+00,-2.351503309301011591e+00,3.755953945787599557e-01,4.152964171293535567e-01
-3.846645012697654131e+00,-1.467982677999111640e+00,-1.330120722684864920e-01,3.754827558037844293e-01
-3.628875023371921138e+00,-2.274608149754385078e+00,1.428253337469603590e+00,-8.213767686274630053e-01
-3.224530225950181350e+00,-8.341058423826334112e-01,-5.963691468344741731e-01,5.716538347283145471e-01
-2.755032678995059658e+00,-4.726873046796336020e-01,-1.790466924572111651e-01,-1.028873491524268380e-01
-2.952211753586013732e+00,-1.912746599087322474e+00,1.140770267269310967e+00,2.704796231571369169e-01
7.234073339342520503e-01,8.679686413613890705e-01,2.319056966988519264e+00,2.035533159268031189e-01
3.660912056530872816e-01,1.110011182109878897e-02,6.150238200991430260e-01,1.319337450726799421e+00
3.008024559596216285e+00,-4.134453727013626789e+00,-7.324928831799993878e-01,-4.655512088236369861e-01
1.407757346222939354e+00,8.357144203417095074e-01,-1.167152273124089534e+00,-1.181663689121020600e+00
-1.344548692347414809e+00,-3.583750654782650091e+00,-2.688174197416627997e+00,9.738123693128785119e-01
4.005889935213565067e+00,-2.204275504510788686e+00,4.526148392304560342e-01,2.488681866192083092e+00
-7.282199983626036488e-01,6.691022768086994921e-01,2.062176948621771144e-01,2.308899205505520413e+00
2.481388543445131489e+00,-2.337077343332861989e+00,2.046921569214599779e-01,6.590314413119170434e-01
2.263969231774060731e+00,8.549285909670424344e-01,-1.801191927616434318e+00,-5.364906579370866124e-01
-1.339123061161504591e+00,-1.958476394004272425e+00,1.057762269910087705e+00,2.769318843550185427e+00
-9.746791099176576045e-01,4.664516254874183643e-01,-1.056284875016609281e-01,1.692080206942384368e+00
7.724640806246989566e-01,-2.063151344871848591e-01,1.206017193594989045e+00,1.655424839633152345e+00
2.444202165831876439e+00,-3.711194710721216428e+00,3.526722135529838376e-01,-1.591430470383171425e+00
1.517826347880246729e+00,-9.118817946673133390e-01,1.042496613250607940e+00,1.181881087300808097e+00
1.465137771606460415e+00,2.817228038541071122e-03,2.365205741593574995e+00,9.435516043502514272e-01
-2.813674120452865690e+00,-1.400332335201470269e+00,-1.931393242341586935e-01,5.981700032525273381e-01
2.492452343849499208e+00,-4.491423104775064346e+00,1.471465071526604884e+00,1.675100959316650373e+00
5.423058041625836712e-01,-2.661493340130879348e-01,5.629806447459827501e-01,1.189937662306630228e+00
2.831980978566305263e-01,-2.808100871869268378e+00,6.656292670966509339e-01,3.365880502136483265e+00
1.379362127119454773e-01,1.564581348219712398e+00,1.465223584878275087e+00,1.557808198038444170e+00
1.527517610199465414e+00,-1.227300177866093467e+00,1.738293629116944627e+00,3.308185413645585271e+00
1.495481933743814551e+00,-2.872097864513999177e+00,7.047536237787638269e-01,1.323128452471682426e+00
4.325524403560138120e-01,-5.749843315900750040e-01,3.279346879498310052e+00,2.099010801809527926e+00
-1.435265035772231634e+00,-3.115442467558532158e+00,-8.130811149783603309e-01,2.569167987330900793e+00
2.540099682306103723e+00,-8.079669771846170745e-01,3.274489234792083536e+00,2.722687792672121354e+00
8.697886443409469370e-02,-1.367796753105676943e+00,1.418658465375167044e+00,1.390310526150429826e+00
-2.003511804885391712e+00,1.551775918585176495e+00,2.968611695845707055e-01,1.562575029214674283e+00
2.290600626543673357e+00,-7.023590435342667027e-01,2.488227335040987587e+00,2.119884013204970774e+00
2.013117240176082845e+00,-1.218718687860161909e+00,-4.081586525126126852e-01,-3.459824793176662361e+00
-5.733427336871734781e-01,-2.523239377049821819e+00,-9.855335799553129883e-01,-2.777113891209994634e+00
1.097724631219380909e+00,-3.257601922306748055e+00,-4.340033496905019383e+00,-1.107513557400990667e+00
3.100572799784038214e+00,-2.407038862431088333e+00,-2.160390755639087335e+00,-4.120525384441985572e+00
-1.137158357272064935e+00,-2.060755649257181854e-01,-2.413230151180949523e+00,8.290831724837542938e-01
-1.917233136189913756e+00,-9.625604919324956543e-02,-3.039903374150665805e+00,2.498277521340072360e-01
1.055953462457280390e+00,-2.928352478638131640e+00,-7.674589158417485235e-01,-4.299906357860197481e+00
-2.818598981390388891e-01,-2.979016269927168281e+00,-1.927886285279840184e+00,-2.761807843387316663e-01
-2.199841367205175868e-01,-1.382223341309656739e+00,-3.334101268982882615e+00,-1.999410577414528767e+00
-1.050368023375124471e+00,-8.546583020103926120e-02,-2.747462979793818150e+00,5.410455999498923196e-01
-6.227888033636345133e-01,-1.760819796959784300e+00,-3.941480538305111025e+00,-1.254375849850711822e+00
1.006270945974612641e+00,-2.522291071250648109e+00,-4.631956152109477087e-01,-1.573292394291900154e+00
2.929559810914347473e+00,8.317197558985419681e-01,-2.511371982757180987e+00,-2.719008981240765621e+00
-1.140302263588860443e+00,-1.517157213171524077e+00,-2.765642756013915182e+00,-1.689961050173568236e+00
1.914528180854635150e-02,-2.480115621648857793e+00,4.055053548500595767e-02,-2.559056507244991341e+00
-1.362261934633485216e+00,-1.830135983561465896e+00,-4.058035447039886279e+00,1.750399936999474659e-01
1.293394028855812339e+00,-2.254414311784644909e+00,-4.209075505097773728e+00,-1.494602738715344881e+00
8.724187483942121846e-01,-1.834611663042464036e+00,1.108744281217760363e+00,-2.506058164667945842e+00
2.698022831457416171e+00,-1.181149388140039003e+00,-1.116588966451026899e+00,-2.776025753732280332e+00
9.970368280041707054e-01,1.729443248997177385e+00,2.552086150416573163e-01,-3.522513884779197468e+00
-7.670795747624382654e-01,-2.531842142014925745e+00,-3.560330835056959575e+00,9.210491545235560684e-01
7.079353600804421109e-01,3.924021567896492368e-01,-1.101765935708060445e-01,-3.940679175712372029e+00
7.775495936452184731e-01,9.026435527539035109e-01,1.220358083396827720e+00,-1.637669021657037316e+00
1.169731633467324672e+00,-3.422540520812757503e+00,-1.399536774128868455e+00,-2.425669295647542079e+00
-8.799927410448920018e-01,4.757855295212444768e-01,-2.226506191554524783e+00,1.143864036380987104e+00
8.970137752593017044e-01,-2.697006709667658431e+00,-2.631939963422966211e-01,-2.036772164110125516e+00
2.555843652011670741e+00,-3.726269025265227075e+00,-1.499200393616196170e+00,-8.475669068607819545e-01
-5.153694580276697579e-01,8.850445754303725154e-01,-1.276048972984624275e+00,1.697116797846505154e+00
-2.033317962600616757e-01,1.537933932790867209e+00,-7.392539193438937284e-01,2.043181754174661524e+00
-1.195021818427494775e+00,1.825871356576996396e+00,2.715226248704066592e+00,3.623488449302397774e-01
1.327064895432408687e+00,1.964255781281114999e+00,-1.017853433864843504e+00,2.601853116034193114e+00
-2.367048118543378710e+00,1.673403581621314640e+00,-1.271344528330173640e+00,-2.551175544331767409e-01
-2.949863892195201398e+00,-5.761549960148105720e-01,5.788180673723570813e-01,1.695259180854097325e-01
1.058497653278216877e+00,2.461371681501865361e+00,-2.941531107999453720e+00,3.783936818812743685e-01
1.710694019557144063e+00,1.713744611350049185e+00,1.214698962599634613e-01,3.975307340114919263e+00
-2.407489559354963227e+00,-1.899349761000288794e-01,1.111062851085006020e+00,3.313836667555803417e-01
2.262724868490439967e+00,2.052496702027750253e+00,9.041356572301698646e-01,2.030906492892794901e+00
2.664123842736502157e-01,3.463305696198426098e+00,2.746565695707324561e+00,3.712964902095334807e-01
-7.262503924359844376e-01,2.202581752198733422e+00,-1.161090089702720318e+00,1.525342111271382972e+00
-6.338765072507109855e-01,3.243114316008187448e+00,1.628859135103624123e+00,-5.035134665889008376e-01
-9.851835492798245442e-01,1.254215700111874776e+00,2.854306107651805480e+00,1.308165431610124552e+00
-3.070997756811404966e-01,2.329410877527917201e+00,2.721163153093395071e+00,-1.623234518292061279e-01
-9.355745420978403004e-01,2.106981683439122843e+00,2.497667108884992437e+00,3.284288791929720341e-01
-1.082158034691662607e+00,2.583263502163156922e+00,-4.816703440515339718e-01,6.986088651800599347e-01
-1.296516376436959828e+00,5.947826241740824527e-01,1.363173204210526013e+00,5.792426890627948577e-01
-1.653071117404360413e+00,9.978732502635485613e-01,1.756980405010831081e+00,7.844493571819094457e-01
2.400242127513409152e+00,2.577735566292369995e+00,-1.530632223871413844e+00,3.042606704479267954e+00
-1.445959453619446444e+00,2.192617124580840571e+00,1.779069252179447780e+00,9.365542416690511573e-02
1.309947666993956039e+00,3.567269034325862620e+00,-1.667351888043617558e+00,1.681060146623522655e+00
-2.091396261808553259e-01,2.677709695604393758e+00,6.038507378738398046e-01,3.937787134637016351e-01
2.797443930885304297e+00,1.849841108397284772e+00,-1.913796135646135044e+00,4.222508044195126153e+00
-2.231927686162583357e-01,3.395968736913467456e+00,4.058335417900956199e-01,8.859405737746197662e-01
-5.363160820189736278e-01,2.985551594411080867e+00,2.218719172293171393e+00,5.434360790712223777e-01
-1.649549109565143779e+00,1.954171916010192023e+00,1.425467142135430798e+00,3.092249192347905629e-01
6.951751974353306274e-01,3.570943560680238882e+00,-1.073005906121492936e+00,-6.745667247584264947e-01
2.474361935072820484e-01,3.061275325233847600e+00,1.570825221970361119e+00,6.982487940685425665e-01
4.860101516029889934e-01,-1.226173576559668410e+00,-9.613353629641682718e-02,-2.179442972319698857e+00
-2.407212715910567624e+00,-9.544028970217207641e-01,1.352652611778027536e+00,1.759114748650984827e+00
-2.341189043304720219e+00,-7.756172666622914713e-01,1.477170460985216760e+00,4.909183226517796483e-02
-9.912129525946330455e-01,-6.009776286600910788e-01,2.503422060116017533e+00,-1.845338659605563203e+00
-2.315733926766549544e+00,-1.561042701328867244e+00,1.361693840762545182e+00,8.762054444796043562e-01
-1.225468369216166531e+00,5.685661057450542843e-01,4.190098542518932434e-01,-2.944711916073485813e-01
-2.079080774957946520e+00,-1.190465990972504384e+00,-8.561082269787015364e-02,-1.001410955473761577e+00
2.176069042477013493e+00,-2.630004442484669802e+00,-5.436452733931800285e-01,-7.939761935070155027e-03
-1.501396041280351756e+00,2.687799659056642684e-02,2.204414491874870485e+00,6.978479887690393069e-01
-2.690326992025102282e+00,-9.772527411594301716e-01,1.248470140477983659e+00,1.101912751161281623e+00
-1.274207259710403939e+00,-8.014494915335687031e-01,1.999245850504720590e+00,-3.969046973168733894e-01
2.195054168383680171e+00,-2.323226143281792222e+00,-3.335964931411450340e+00,-1.750921177209082413e-01
-1.599640090357478117e+00,-2.946328614830898696e-01,2.074012619324832940e+00,7.589865303983641676e-01
9.594912744609449540e-01,-8.823130169504194154e-01,1.450516879312781837e+00,-2.500549352902810440e+00
-1.134640207450327287e-01,-6.334803284780687882e-01,9.243839827330867509e-01,-4.800945079580740682e+00
-3.967578516608227801e-02,-1.020025161917268219e+00,1.297112409006098810e+00,-1.524062033508223335e+00
3.694897509791821300e+00,-4.704733468317707223e-01,-2.801352778090366868e+00,-1.286057442914334104e+00
-4.313396246070533291e-01,2.223742722708268726e-01,2.393651284425010406e+00,-1.132766116787910837e+00
1.197869751988569487e+00,-3.015859042525179667e+00,-2.518041579099267846e+00,8.666514229431545105e-03
-2.993866717374659148e-01,-9.784612205349192404e-01,1.222023966487966185e+00,-1.283319097372369599e+00
1.055152931515274783e+00,-2.383472524895438038e+00,5.443939308193150861e-01,1.416688739912926653e+00
1.697714964665287818e+00,-1.988965452418068436e+00,-3.515011221613989267e+00,8.430093137417868365e-02
-1.847351401175812535e+00,-4.264870075792929760e-01,1.613473542141922845e+00,2.804712885899937613e-02
2.255396128025596969e+00,-7.982107069958939150e-01,-1.264451457937839640e+00,-8.539054536873206258e-01
-1.894784796132785998e-01,-7.100901746618031307e-01,-3.787682029703402176e+00,1.094959587997041739e+00
2.273448770883389258e+00,4.206335829497936385e-01,7.169405590625527180e-01,-2.863293908814620092e+00
9.187284458707227763e-01,-1.034048065291210960e+00,-2.787250682701736704e+00,-1.354084623365925832e+00
-6.650971002670496013e-01,3.704028173504205768e-01,1.956057444620709962e+00,-1.223823080415861464e-01
9.409463257260270996e-01,5.910961305310682423e-01,2.527399912587299013e+00,2.188798429665047784e+00
-8.240177104560399979e-01,-7.758408193772644568e-01,-4.754071925898541440e-01,1.054613737090283943e+00
-5.873886567361068234e-02,3.468606985907483620e-01,4.826364945484044600e-01,2.267884548828388525e+00
2.229110074032985833e-01,-9.132923174108004138e-01,9.173703848662854154e-01,1.131184900123161530e+00
9.681504499762512150e-01,1.144336455870492042e+00,1.710339854000600512e+00,1.054871929744356729e+00
1.091364853983789240e+00,-1.484062854141441123e+00,1.011191733513763458e+00,-7.014253856593369307e-02
9.522460578708582535e-01,-9.180718557035462135e-01,2.170109485064343424e+00,1.077238472623535115e+00
-3.845384420968402939e-01,-5.554814403773964404e-01,2.704988561474387598e+00,1.944527318882133260e+00
8.418239341160455025e-01,-1.287663518302066545e-01,2.571590502521992949e+00,1.725193487681927929e+00
2.171056790777565748e+00,8.292761181155852146e-01,2.044342166944036254e+00,3.085197733502999640e+00
6.401018453939046893e-01,-9.013213777557295137e-01,2.334685785605344233e+00,7.873814470109798958e-01
1.845410429668915775e+00,-4.054715849692656637e-01,-5.461799683979395859e-01,1.632597278560451448e+00
1.231266936370108978e+00,-1.219146267460456540e-01,-1.330864445537691121e-01,2.237383801752530044e+00
-3.690201438535149481e-01,-1.664289424536981477e+00,2.732047753133096890e+00,6.858262888529727611e-03
-5.876137348997070298e-01,8.076536461039708348e-01,2.581303938230213646e+00,1.476937539071026206e+00
1.164774839419753016e+00,8.729783340255502511e-01,2.447457453671397776e+00,2.116644190800813785e+00
6.077868635724499313e-01,-2.185094955887454879e-02,3.138771488757058581e+00,1.402732396414886562e+00
4.757129051012721765e-01,-5.416680434716457659e-01,2.567631567406869042e+00,1.659901201901608614e+00
-3.143794272355207586e-01,-4.077089149984370331e-01,-1.150734261586363161e+00,3.208058010912896663e+00
-1.124936020641377876e+00,1.182050137211342333e+00,1.966820559916454325e+00,1.809745700574116212e+00
6.516252027479753073e-01,-3.449704728429315859e-01,-1.425739710224138146e-01,2.330075930225128378e+00
2.971476840605720593e+00,1.252245141730616185e+00,1.661833831586308374e+00,3.193459470164816238e+00
7.154578195823478870e-01,1.127419665403665894e+00,9.860525748616411068e-02,3.020655401594106060e+00
3.105761748508673925e+00,1.908572221336129582e+00,-2.297008709520123593e-01,4.788180960957059362e+00
-2.763065557154979146e+00,-1.804976303867212417e+00,1.225220782172003364e+00,3.589194813092607683e-01
2.010452573199748016e+00,1.436489882958388753e+00,2.676399251332266527e+00,2.167934870142639525e+00
-7.098867041590281035e-01,-1.968634159829291574e+00,1.802872090182565112e-01,9.943990075943486273e-01
2.328228553269768408e+00,-2.504488215597066580e-01,5.401810577327967877e-01,1.772227704185280528e+00
-5.373608782144526641e-01,3.422117241249430730e+00,1.898516199218767131e+00,-1.575529470823757938e+00
-2.548442480528069432e+00,4.813641305335041309e-01,1.325765805966653499e+00,1.000062224021253554e+00
-1.335159745560265510e+00,2.268256086411416295e+00,-7.198161460914394016e-01,1.367624341797160747e+00
-2.932290018554725819e+00,1.396358112340511104e+00,-7.042724219492125792e-01,-5.432624907814529447e-01
1.010882042341802567e+00,4.040098174373934370e+00,-1.717830349836035442e+00,-1.545753059400282181e+00
-1.593109166691266454e+00,1.620959428375917444e+00,1.690390747945003547e+00,-6.605352061354335946e-01
-1.759585074665502846e+00,1.039833622533094637e+00,1.866576524144466731e+00,-1.004293735849724811e+00
-1.090390459593235217e+00,2.733839419412075422e+00,-1.301897744916272526e+00,-8.570225015422927584e-01
-5.719951062100884220e-01,2.582869612474700816e+00,1.385780353032997736e+00,-1.423999487538306852e+00
-2.581516575825253401e+00,2.324060013364782851e+00,1.988515678748132010e-01,-1.568801242233769155e+00
-1.632880728636272594e-01,2.828477861681065075e+00,4.105624435107668169e-01,-1.330908055200854312e+00
-1.239568235762702253e+00,3.130546006308964735e+00,7.340278570709101169e-01,-1.640441086392657510e+00
-6.793357459300343182e-01,2.828202101236826582e+00,1.626525507226829870e+00,-7.712361152406926879e-01
-2.651384733579316144e+00,-4.894116595856995433e-02,-4.766309587563853922e-01,-3.278060078583105996e-02
-2.033437251097425236e+00,2.669301910531890476e-01,1.643720157866541465e+00,-6.180089760800026033e-01
-1.585165827527744709e+00,1.223221053325256547e+00,8.549503219022124290e-01,2.788041941196421902e-01
-1.050652427082253149e-01,1.444144302114459100e+00,-1.713743202438129165e+00,2.367033853707936508e+00
-2.644066299934223263e+00,-5.125009619498710478e-01,3.004132101539868094e-01,-1.860309225848076231e+00
2.240462725379536446e-01,3.118876271881302120e+00,1.767977686872922227e+00,-1.467486328325975364e+00
-5.241055478853369476e-02,2.784966677152843850e+00,1.727910150660839639e+00,-1.388556231026445875e+00
1.315453716627641434e+00,3.819684726960285381e+00,-3.126419173163096588e+00,3.984118282417744572e-01
-2.331032652552759377e+00,1.207547772553773324e+00,-1.336808827563230384e+00,-6.327167039891773426e-01
8.246543000611818997e-01,3.484214959603433748e+00,-2.527618694950078737e+00,-6.230616223146743238e-01
-4.656320837668611601e-01,3.293014797221114787e+00,1.529678625411674320e+00,-2.225377331817464999e+00
-1.589889088259421657e+00,2.117997255589045835e+00,1.269473176971017692e+00,-1.071340359044627766e+00
-3.317560935819842127e-01,4.395545282117536701e+00,-3.427234558909580953e-01,-1.513556709939072764e+00
-2.128598175825494376e+00,1.347509248734388043e+00,-5.348835587976648043e-01,-1.160493545294895013e+00
-2.989852874887253265e-01,4.156116944839720162e+00,3.010292458171270336e-01,-1.881272268245639312e+00
-1.516693949588485246e+00,-9.901776962134026805e-01,2.507178027100953610e+00,-2.120456730395782863e+00
-8.596605050748986621e-01,-2.511187943205794859e+00,3.118763066632800562e+00,-1.719497079591156385e+00
-6.750333992103796366e-01,-1.307232265821941963e+00,9.523279150530270520e-01,-2.508489337417403320e+00
-8.974822312473414998e-01,-2.779615395626499064e-01,-1.450399079145763936e+00,-9.172049157078122628e-01
-6.538884695726914220e-01,6.396808968968079601e-01,1.587845637412466759e+00,-3.232508283786754255e+00
-7.048013137596413902e-01,-1.461104419277578836e+00,2.744339527174183835e-01,-2.382387725625395802e+00
-7.982700209969887384e-01,-5.866104728458949591e-01,1.429811700040125366e+00,-2.344443916137592510e+00
-5.366337951504157600e-01,-5.609695596332359147e-01,1.586716876922202202e+00,-2.755385957812213071e+00
-8.224507554830534639e-01,-2.198480710142650896e+00,7.743027473461914223e-01,-2.324737483514869751e+00
-2.180087086299527410e+00,-2.048479254738650557e+00,1.994682010964245578e+00,-1.928452443024073926e+00
-1.324269228018073896e+00,-1.168475710620569208e+00,-2.211809655165625443e+00,8.214261336926649282e-01
2.056765953691623294e-01,-2.525920033792796282e+00,1.894645467987344567e+00,-1.546494774669113052e-02
-1.217715629734386296e+00,4.084963414141462579e-01,-1.405563273626701859e+00,-5.434816181437224225e-01
6.256511065409706696e-01,7.694237585851385619e-01,-8.214629358843997808e-01,3.767057725986325822e-01
-1.704798790113203788e+00,-2.006116014722777674e+00,1.925873219055310948e+00,-1.274254940323798824e+00
-9.914546610192330744e-01,-1.239148830111446831e+00,2.330701770099399273e+00,-2.215672044541279639e+00
1.151005113151849057e+00,-1.718592361740142849e+00,1.993212121602081055e+00,-3.076608222912783575e+00
-2.864196297671601332e+00,-5.953907556775249743e-01,-6.783545983269637647e-01,-2.815544255538681706e-01
2.327433657849289073e-01,-1.998484794144330223e+00,1.622232522309727143e+00,-2.737543942473059655e+00
7.000598824228922989e-01,-5.949181340883273883e-01,1.894924936155421236e+00,-3.294029295053228612e+00
-1.054378961584704566e+00,-2.131784256978898728e+00,1.981342621466748666e+00,-1.060283741879723962e+00
-2.450940588598927494e+00,-1.401543197502944871e+00,3.724246965507509444e-01,-2.039328624451792304e+00
3.882539449262057962e-01,8.774235681589898084e-02,-1.530031836874819584e+00,1.578879887524131387e-01
1.708588277799852895e+00,-1.428363947980654469e+00,-1.611664857955233732e+00,-1.314667780956295218e+00
-1.067718773710134350e+00,-2.021354797297290506e+00,2.823936490802047672e+00,-8.924043081319125159e-01
-2.123898380152017817e-01,-1.784110650248160068e+00,1.070872430328954072e+00,-1.858193432608788109e+00
2.224253163505617525e+00,-1.970178699365145336e+00,-2.320029293052560337e+00,1.656636196078901391e-01
-1.910719485110896620e+00,-1.552882014201371064e+00,3.521331096811671779e-01,-6.973408480470293380e-01
-1.500999773910975277e+00,2.864873989123075670e+00,6.413234120431790530e-02,-9.478334094725376913e-01
-3.082580224717839545e+00,3.065637210802164003e-01,1.151126714775131621e+00,-1.538078323701537187e+00
-2.547706629484270735e+00,7.911531110969548530e-01,1.504761268138533170e+00,-2.025161289278974153e-01
-2.400088606279773717e+00,7.276196267619392533e-01,1.647332459252284664e+00,-1.666572184545296320e+00
-2.664099531835871559e+00,1.051155563767866043e-02,4.711701617442873302e-01,-1.963572167746843400e+00
-1.022475111571897965e+00,3.404608419801042452e+00,-2.672840374443243364e-02,-1.925878231447788247e+00
-1.057583549407963952e+00,-2.001453645810997162e-01,-2.792515612954435067e+00,-5.053471105768015947e-01
-6.956146192281947860e-01,3.209880199468034601e+00,-7.580846847676000477e-01,-1.029456286600193060e+00
-2.156506265198056216e+00,2.340799312519265651e+00,1.183728213116614025e+00,-1.488320818954530722e+00
2.016256517961962480e+00,-1.620634034730559225e+00,-1.661509824822028802e+00,8.795837791767923131e-01
-6.095013055586688822e-01,3.603342715700357246e+00,2.210495102439735682e+00,-1.592958547000292047e+00
2.535862744870755470e-01,2.337990331350516815e+00,-1.975027885257970350e+00,5.896560325809153680e-01
-2.362512925125927477e-01,4.045036639072317364e+00,-5.090372829160396684e-01,-8.258942540036676716e-01
-2.925449747709893966e+00,1.376133965962712757e+00,6.409911190591404545e-03,-2.049817317935285210e+00
-2.710178827005237601e+00,8.937143850219905206e-01,5.593270323190436821e-01,-1.022947874636225274e+00
-2.518542047642657322e-01,2.779627115414580185e+00,-2.195737812445236692e+00,-4.608143241024794667e-01
-1.134913306954819623e+00,2.830318389723080141e+00,-2.145125007866484967e+00,-5.386511137899208101e-01
-4.698534823016218276e-01,3.024642101285957896e+00,1.593139798050691835e+00,-2.249707452577876854e+00
-7.934839351072496827e-01,3.373754332912570764e+00,-1.663058213483578962e+00,-4.937900890850520086e-01
-7.142168261528041018e-02,3.555174523846327261e+00,-8.524682372352986315e-01,-1.433200442461539881e+00
-2.078751429811594775e+00,1.630232171684419473e+00,-1.726297681375847048e+00,-1.373836240857743585e+00
-1.231064783380446670e+00,3.737458880814198636e+00,1.497909608628748279e-01,-1.854774606967276140e+00
-1.373264113934328678e+00,1.079504309433331422e+00,1.434587959686484782e+00,-2.906635479267872579e+00
-1.546465211643750726e+00,2.633667112379717956e+00,-2.534150967153122824e+00,-3.693444765366702409e-01
-1.900365409689661167e+00,2.087341325825177840e+00,2.284193805080303452e-01,-1.989960936645509548e+00
-1.761599072403078114e+00,1.814263194383054945e+00,-1.191367344863533545e-01,-1.578989272046758652e+00
-6.829680672882879611e-01,1.601703618655387240e+00,-2.157899999673297486e+00,2.608460243430861247e+00
-1.869404390047422870e+00,2.028621141363955438e+00,-1.379479110286968568e+00,-1.766058798042862588e+00
