[array([[[ 0.5333041 ,  0.7510351 ,  0.43303   , -0.40551516,
           1.6285696 ,  0.49228728, -0.15253374,  1.6689872 ,
          -0.22357488]],
 
        [[-0.2997148 ,  0.7048321 ,  0.4084043 , -0.18627408,
           1.0520505 , -0.00270981, -0.13496283,  1.0413212 ,
          -0.02724391]]], dtype=float32),
 array([[[ 0.3918922 , -0.11520633, -0.03320652,  0.43418598,
          -0.5833789 ,  0.39737093, -0.5246267 , -0.9033116 ,
           0.48647797]],
 
        [[-0.07068413, -0.3555113 , -0.41528818,  0.4065122 ,
          -0.15927339,  0.1401099 ,  0.4446873 , -0.7067284 ,
          -0.545056  ]]], dtype=float32),
 array([[[-3.8316455e-01, -3.1901807e-02, -2.4000183e-01, -1.1872659e+00,
          -3.3039081e-01,  1.1499546e+00, -2.4678744e-04, -1.5465643e-01,
          -5.3651679e-01]],
 
        [[ 8.0435149e-02, -3.5867035e-01, -8.8504088e-01, -1.8140224e-01,
          -9.0008754e-01, -3.3983514e-01,  3.5120124e-01, -6.0242099e-01,
           3.3899057e-01]]], dtype=float32),
 array([[1.0655746, 1.0172011]], dtype=float32)]