[array([[[ 0.44586676,  1.256093  ,  0.15643543,  0.26589197,
           0.8381965 ,  0.06237197,  0.5082177 ,  0.15269381,
           0.07892394]],
 
        [[-0.03475028,  1.0941952 , -0.03592378, -0.22752422,
           0.8826769 ,  0.13078535,  0.2010324 ,  0.22705875,
          -0.0801568 ]]], dtype=float32),
 array([[[ 0.24584407,  0.36597022, -0.07061452, -0.26450574,
           0.27333382, -0.1639238 ,  0.20467144,  0.66669524,
           0.10908085]],
 
        [[-0.08407965,  0.9870063 ,  0.2311346 , -0.25011623,
           0.5391546 ,  0.26538318,  0.32042062,  1.2632005 ,
           0.09457898]]], dtype=float32),
 array([[[-0.2811071 ,  0.5625187 , -0.50280356,  0.44382098,
          -0.6297856 ,  1.1031843 ,  0.49210244, -0.14317082,
          -0.30502427]],
 
        [[-0.1502397 , -0.86425185, -0.21489263,  0.06380039,
          -0.4102494 ,  0.75493497,  0.68173337, -1.0992723 ,
          -0.06085886]]], dtype=float32),
 array([[1.0801506, 0.9991087]], dtype=float32)]