6.916329264640808105e-01 7.258622646331787109e-01 6.988865137100219727e-01 7.125123739242553711e-01 7.713816165924072266e-01 7.303955554962158203e-01 7.214717268943786621e-01 7.386632561683654785e-01 7.599394917488098145e-01
6.916329264640808105e-01 7.538983225822448730e-01 7.197957038879394531e-01 7.143607735633850098e-01 7.168769836425781250e-01 7.270877361297607422e-01 7.228836417198181152e-01 7.507160305976867676e-01 7.497458457946777344e-01
6.916329264640808105e-01 7.552167773246765137e-01 7.187191247940063477e-01 7.105188369750976562e-01 7.556616663932800293e-01 7.219181060791015625e-01 7.179993391036987305e-01 7.285749912261962891e-01 7.310704588890075684e-01
6.916329264640808105e-01 7.433799505233764648e-01 7.354823946952819824e-01 7.292197942733764648e-01 7.497957944869995117e-01 7.405107617378234863e-01 7.321686148643493652e-01 7.543480396270751953e-01 7.654886245727539062e-01
6.960510611534118652e-01 7.528967857360839844e-01 7.258105874061584473e-01 6.960077881813049316e-01 7.440015673637390137e-01 7.187855243682861328e-01 7.238818407058715820e-01 7.552900314331054688e-01 7.441826462745666504e-01
6.916329264640808105e-01 7.632523775100708008e-01 7.061407566070556641e-01 6.916329264640808105e-01 7.441169023513793945e-01 7.172045707702636719e-01 7.081391811370849609e-01 7.558718919754028320e-01 7.428396940231323242e-01
6.916329264640808105e-01 7.377213239669799805e-01 7.211284637451171875e-01 7.258360385894775391e-01 7.208733558654785156e-01 7.310735583305358887e-01 7.101364135742187500e-01 7.187442779541015625e-01 7.486627101898193359e-01
6.916329264640808105e-01 7.545217871665954590e-01 7.173649072647094727e-01 7.181973457336425781e-01 7.443865537643432617e-01 7.272951006889343262e-01 7.252341508865356445e-01 7.434848546981811523e-01 7.498743534088134766e-01
6.916329264640808105e-01 7.477576136589050293e-01 7.225353717803955078e-01 7.226358652114868164e-01 7.565802335739135742e-01 7.233101129531860352e-01 7.163134813308715820e-01 7.422760128974914551e-01 7.335578203201293945e-01
7.030010223388671875e-01 7.619327902793884277e-01 7.035846114158630371e-01 7.494652867317199707e-01 7.239326834678649902e-01 7.210419178009033203e-01 7.138747572898864746e-01 7.317941784858703613e-01 7.284066081047058105e-01
